
Interval Arrival Time Generator
Generated values: 1445 1509 1431 1547 1544 1687 1552 1476 1533 1381 1452 1447 1527 1521 1404 1541 1575 1485 1584 1590 1475 1493 1413 1560 1488 1447 1573 1394 1356 1350 1504 1497 1423 1535 1504 1456 1672 1432 1433 1610 1525 1540 1482 1361 1592 1511 1635 1495 1703 1481 1452 1487 1669 1506 1473 1497 1647 1510 1555 1495 1640 1731 1483 1468 1480 1629 1468 1595 1481 1444 1554 1457 1469 1407 1432 1490 1580 1506 1492 1612 1467 1467 1530 1411 1497 1645 1453 1488 1498 1369 1416 1511 1514 1471 1736 1504 1468 1255 1386 1621 1248 1428 1321 1684 1472 1513 1655 1442 1344 1618 1487 1373 1501 1286 1573 1516 1538 1471 1567 1337 1359 1483 1597 1485 1259 1478 1405 1425 1391 1389 1525 1569 1532 1467 1467 1499 1533 1601 1440 1586 1388 1368 1407 1397 1654 1547 1564 1450 1525 1540 1349 1568 1562 1396 1694 1546 1493 1519 1473 1420 1509 1388 1291 1459 1469 1469 1496 1564 1683 1510 1600 1646 1565 1628 1665 1599 1347 1503 1607 1523 1482 1653 1598 1436 1596 1389 1540 1413 1515 1478 1380 1543 1585 1563 1562 1564 1527 1281 1526 1616 1372 1406 1551 1651 1598 1478 1691 1353 1597 1448 1602 1468 1461 1458 1414 1455 1365 1575 1359 1288 1403 1536 1392 1523 1589 1470 1620 1579 1517 1460 1291 1380 1568 1519 1609 1397 1541 1627 1359 1532 1380 1381 1537 1661 1471 1339 1458 1429 1531 1483 1536 1502 1619 1583 1409 1439 1454 1578 1550 1493 1467 1535 1600 1553 1492 1601 1345 1620 1621 1467 1260 1725 1395 1358 1451 1668 1231 1654 1538 1572 1609 1564 1560 1343 1491 1374 1487 1575 1596 1641 1640 1561 1538 1528 1432 1604 1552 1441 1479 1710 1562 1377 1502 1585 1516 1396 1498 1409 1621 1456 1482 1401 1548 1518 1492 1531 1556 1381 1449 1475 1413 1406 1589 1487 1735 1605 1369 1519 1519 1305 1436 1329 1325 1470 1545 1566 1549 1583 1385 1632 1396 1465 1523 1597 1548 1414 1593 1524 1367 1609 1447 1535 1566 1628 1499 1469 1513 1607 1344 1318 1412 1426 1457 1640 1427 1527 1342 1473 1450 1512 1430 1245 1574 1521 1553 1456 1459 1405 1459 1377 1614 1529 1565 1474 1528 1436 1554 1390 1531 1595 1479 1466 1532 1521 1450 1519 1508 1562 1443 1341 1470 1312 1415 1576 1416 1496 1349 1503 1479 1481 1469 1660 1702 1574 
Summary
The average value of generated data: 1497.25
The variance value of generated data: 9143.29(95.6205^2)


Waiter Service Time Generator
Generated values: 3648 1250 6843 3591 3155 3317 6662 399 5887 501 2111 1294 2062 13397 12944 1031 1557 1942 1913 5155 1200 464 3314 2665 7866 188 967 1679 3232 2710 1167 3262 4492 14118 1571 9026 1128 4219 4170 7129 753 1466 891 3324 3438 2660 4832 4638 3426 459 3967 274 877 5792 4778 5385 1159 7510 1961 3378 256 516 1218 2686 1245 1439 6057 1696 3735 2915 331 4231 3035 390 500 287 10343 12824 470 2076 377 6656 2876 1082 6059 789 2916 8002 2 760 4708 5059 1355 1823 639 5925 293 2902 10009 4555 3197 83 648 5481 9786 4974 4678 1163 6742 10485 403 13961 3193 1822 1304 1806 4418 4264 3105 7014 14181 98 8396 596 3294 1630 256 3978 2618 244 8229 2642 8669 545 13788 12478 2816 3954 1864 329 4655 964 3925 2897 6457 5689 2846 414 942 1302 1846 8273 13454 1211 8830 5900 548 16670 4174 1477 1096 3092 2212 1592 7755 
Summary
The average value of generated data: 3785.36
The variance value of generated data: 1.26855e+07(3561.67^2)


Buffet Service Time Generator
Generated values: 1880 2277 1571 2030 1937 2005 2025 1553 2070 1697 1744 1856 2052 2180 1684 2087 2067 1751 1915 1978 1802 1786 1891 2084 1843 1816 2048 1704 1684 1860 1911 1875 1793 2106 2183 1816 1942 1672 1611 2081 1912 2008 1637 1700 2289 1908 2095 1596 1954 1826 1893 1812 2033 1922 1665 1817 2036 1925 2139 1852 2021 2053 1602 1405 1867 2055 1692 2084 1730 1880 2040 1822 1851 1887 1844 1863 2027 2019 1750 2205 1609 1659 2005 1656 1791 1912 1726 1843 1798 1628 1800 2282 2269 1769 1917 2026 1888 1700 1570 2083 1805 1603 1677 2285 1590 1922 1974 1717 1753 2017 1404 1696 2126 1891 1991 1972 2226 1768 1933 1771 1648 1708 2304 1845 1796 1881 1738 1805 1305 1754 2189 2305 2094 1899 1727 1516 1995 1925 1751 2096 1323 1895 1845 1824 1939 1948 1915 1657 1979 2195 1036 2188 1955 1865 1905 2226 1725 2022 1798 1656 2080 1744 1886 1809 1694 1877 1864 1948 2007 1955 1966 2080 2137 2091 1981 1978 1790 2016 1902 2181 1820 2007 2135 1809 2066 1751 1968 1867 1920 1887 1769 2101 2011 1908 1976 2377 2092 1856 1973 2331 1606 1705 1936 2016 1960 1763 2324 1653 2070 1719 2362 1594 1864 1782 1810 1757 1707 1920 1469 1813 1755 2044 1704 2164 2217 1688 1997 2034 2008 1828 1838 1847 1913 2158 2038 1898 2009 1940 1662 1933 1882 1709 1997 2089 1769 1869 1837 1814 2064 1777 
Summary
The average value of generated data: 1890.94
The variance value of generated data: 39240.2(198.091^2)


Cashier Service Time Generator
Generated values: 36 45 226 48 718 68 939 644 11 4 157 845 729 59 132 84 78 12 70 75 81 239 14 643 143 307 65 144 214 136 672 211 111 510 562 377 17 458 202 127 61 79 112 328 31 292 404 35 19 160 2 820 22 515 34 189 123 148 40 27 316 20 1299 65 166 5 518 565 209 52 62 51 68 93 12 274 270 137 149 20 102 140 165 531 103 399 29 34 60 78 191 180 877 220 109 348 20 54 130 128 44 245 295 268 38 20 85 384 519 160 395 34 363 336 448 147 96 473 43 241 156 13 61 36 23 499 10 43 53 138 344 312 1468 391 114 222 121 216 172 19 112 334 315 266 237 6 97 161 71 206 40 138 12 9 19 12 95 89 85 6 679 0 3 211 411 308 98 14 192 174 422 376 179 107 143 24 921 132 88 289 371 1024 19 36 822 205 661 153 36 488 81 76 99 176 24 139 671 6 45 12 77 297 224 775 134 44 19 208 112 271 76 80 17 326 100 153 15 90 54 73 239 82 227 64 198 32 42 29 206 470 122 132 257 341 244 80 111 239 228 66 39 185 123 561 294 257 21 311 247 126 453 50 29 821 622 319 199 341 175 192 52 1056 69 105 188 20 161 189 306 649 2 230 143 92 537 11 663 484 265 1164 123 362 3 252 292 166 161 296 7 217 319 82 131 353 17 86 108 220 242 39 219 58 49 14 768 127 13 88 195 334 22 4 14 57 212 33 23 229 117 69 128 174 72 84 55 122 116 89 45 529 275 20 121 114 377 143 63 147 566 127 7 532 319 179 137 47 222 231 100 467 90 94 119 287 75 24 153 1235 281 6 84 24 55 242 74 110 113 83 0 93 323 29 5 55 11 199 262 15 236 62 13 208 114 173 155 493 116 276 1 109 252 212 318 20 317 32 145 387 96 392 364 24 44 33 199 87 326 118 68 424 31 606 631 114 48 
Summary
The average value of generated data: 203.836
The variance value of generated data: 49708(222.953^2)

Persons in Group Generator
Number of Persons in Groups: 1 1 1 1 1 1 1 1 1 1 1 1 1 1 1 1 1 1 1 1 1 1 1 1 1 1 1 1 1 1 1 1 1 1 1 1 1 1 1 1 1 1 1 1 1 1 1 1 1 1 1 1 2 2 2 2 2 2 2 2 2 2 2 2 2 2 2 2 2 2 2 2 2 2 2 2 2 2 2 2 2 2 2 2 2 2 2 2 2 2 2 2 2 2 2 2 2 2 2 2 2 2 2 2 2 2 2 2 2 2 2 2 2 2 2 2 2 2 2 2 2 2 2 2 2 2 2 2 2 2 2 2 2 2 2 2 2 2 2 2 2 2 2 2 2 2 2 2 2 2 2 2 2 2 2 2 2 2 2 2 2 2 2 2 2 2 2 2 2 2 2 2 2 2 2 2 2 2 2 2 2 2 2 2 2 2 2 2 2 2 2 2 2 2 2 2 2 2 2 2 2 2 2 2 2 2 2 2 2 2 2 2 3 3 3 3 3 3 3 3 3 3 3 3 3 3 3 3 3 3 3 3 3 3 3 3 3 3 3 3 3 3 3 3 3 3 3 3 3 3 3 3 3 3 3 3 3 3 3 3 3 3 3 3 3 3 3 3 3 3 3 3 3 3 3 3 3 3 3 3 3 3 3 3 3 3 3 3 3 3 3 3 3 3 3 3 3 3 3 3 3 3 3 3 3 3 3 3 3 3 3 3 3 3 3 3 3 3 3 3 3 3 3 3 3 3 3 3 3 3 3 4 4 4 4 4 4 4 4 4 4 4 4 4 4 4 4 4 4 4 4 4 4 4 4 4 4 4 4 4 4 4 4 4 4 4 4 4 4 4 4 4 4 4 4 4 4 4 4 4 4 4 4 4 4 4 4 4 4 4 4 4 4 4 4 4 4 4 4 4 4 4 4 4 4 4 4 4 4 4 4 4 4 4 4 
Summary
1 persons group: 52 groups (12.5301 %)
2 persons group: 160 groups (38.5542 %)
3 persons group: 119 groups (28.6747 %)
4 persons group: 84 groups (20.241 %)

Buffet Type Customer Group Generator 
Type of Customer Groups (1 - Buffet, 0 - Restaurant): 0 0 1 0 0 0 0 0 1 1 0 1 0 1 1 0 1 0 1 1 1 1 1 1 1 1 1 1 0 0 0 0 1 1 0 1 0 0 0 0 1 1 0 1 0 1 1 1 1 0 1 1 1 0 0 0 1 1 1 1 1 1 1 1 1 0 0 1 1 1 0 0 1 1 1 0 1 1 1 1 0 1 1 0 1 0 1 1 1 1 1 1 0 1 1 1 0 0 1 1 1 1 1 1 0 1 1 0 1 0 0 0 1 1 1 1 0 0 0 1 0 1 1 0 1 1 0 0 1 1 1 0 0 1 1 1 1 1 1 1 1 1 0 1 0 0 1 1 1 1 1 1 0 0 1 1 1 0 1 0 0 1 0 0 1 1 0 0 1 1 0 0 0 1 1 1 1 1 0 0 1 1 1 0 1 0 1 0 1 0 1 0 1 1 1 1 1 1 0 0 0 1 1 1 1 1 0 1 1 1 0 1 0 0 1 0 1 1 0 1 0 0 1 1 1 1 1 1 1 0 1 0 0 1 0 1 1 1 1 0 1 1 1 0 1 0 0 1 1 0 1 0 1 0 1 1 0 0 0 0 1 0 1 0 1 0 1 1 1 1 0 1 0 1 1 0 1 1 0 1 0 0 0 1 0 1 1 1 0 0 0 1 1 1 0 1 1 1 1 0 0 1 0 0 1 1 0 1 1 0 0 1 0 1 1 1 1 0 1 1 0 1 1 1 0 1 0 1 1 0 0 0 0 1 0 0 1 0 0 1 1 1 1 1 1 0 1 1 1 0 1 1 0 0 1 0 1 0 0 1 1 0 1 0 0 0 1 0 1 0 1 0 0 1 1 1 0 0 1 0 0 1 1 1 1 0 0 0 0 1 0 1 1 1 1 1 1 1 1 1 0 1 0 0 1 1 0 0 1 1 1 0 1 1 0 
Summary
250 Buffet Groups and 165 Restaurant Groups (60.241 % Buffet Groups)