
Interval Arrival Time Generator
Generated values: 1613 1639 1586 1585 1491 1492 1288 1464 1456 1358 1567 1452 1529 1346 1586 1675 1561 1523 1446 1370 1508 1428 1506 1458 1504 1574 1376 1504 1481 1406 1605 1537 1450 1520 1536 1593 1405 1478 1638 1388 1679 1393 1571 1552 1478 1603 1670 1547 1347 1454 1681 1686 1590 1365 1764 1446 1606 1513 1653 1430 1625 1367 1369 1454 1409 1644 1509 1184 1257 1424 1391 1466 1516 1535 1461 1630 1492 1579 1528 1498 1477 1469 1504 1553 1344 1653 1639 1489 1643 1528 1602 1520 1373 1344 1442 1465 1716 1435 1461 1544 1658 1422 1540 1604 1528 1458 1704 1508 1533 1491 1632 1596 1542 1545 1566 1798 1452 1586 1468 1574 1526 1540 1594 1480 1565 1558 1728 1376 1610 1465 1495 1431 1467 1463 1428 1542 1504 1449 1514 1552 1509 1516 1506 1451 1515 1517 1451 1433 1542 1607 1456 1439 1594 1454 1333 1552 1505 1487 1339 1437 1448 1514 1584 1703 1537 1428 1516 1588 1408 1731 1408 1426 1617 1502 1590 1531 1533 1361 1416 1500 1319 1701 1536 1423 1421 1596 1381 1278 1441 1516 1653 1605 1538 1473 1465 1522 1538 1569 1364 1439 1510 1395 1577 1500 1460 1471 1480 1685 1347 1422 1341 1542 1481 1757 1403 1289 1682 1560 1520 1315 1421 1430 1686 1547 1380 1310 1457 1631 1509 1483 1497 1388 1477 1511 1549 1489 1449 1294 1540 1661 1454 1588 1517 1339 1462 1385 1318 1499 1471 1498 1502 1511 1696 1499 1411 1494 1475 1412 1428 1442 1525 1356 1574 1620 1496 1696 1434 1551 1450 1522 1406 1510 1621 1493 1523 1651 1396 1594 1514 1459 1437 1550 1446 1442 1537 1560 1689 1567 1463 1382 1447 1537 1632 1425 1646 1745 1430 1395 1461 1399 1492 1399 1343 1571 1335 1491 1402 1603 1577 1549 1426 1623 1541 1577 1509 1435 1546 1267 1401 1484 1522 1561 1700 1445 1659 1428 1615 1611 1427 1482 1570 1491 1460 1389 1474 1425 1563 1508 1472 1443 1411 1461 1363 1572 1726 1451 1576 1571 1573 1600 1388 1559 1461 1411 1634 1443 1546 1511 1519 1528 1569 1575 1531 1496 1591 1444 1407 1553 1477 1427 1475 1360 1529 1513 1689 1455 1590 1538 1762 1610 1485 1501 1631 1646 1401 1586 1524 1522 1458 1306 1494 1521 1379 1431 1343 1461 1547 1499 1483 1593 1276 1445 1598 1639 1542 1548 1369 1437 1416 1567 1604 1532 1561 
Summary
The average value of generated data: 1504.18
The variance value of generated data: 9663.33(98.3022^2)


Waiter Service Time Generator
Generated values: 5149 7440 4615 1696 368 6500 9938 743 2028 3755 820 1302 4449 918 9256 2989 4617 562 276 3252 4666 2213 21054 18982 12064 2982 125 1433 2022 1500 4677 2325 3991 931 8871 6524 7539 9276 6119 11604 1844 189 4990 2371 3021 923 4131 2931 4249 5246 91 5298 2885 191 6566 1958 671 10218 4711 739 980 5625 3979 6907 118 3708 10137 136 4942 1687 901 5717 1499 1737 1669 981 1377 609 7490 1557 3137 4456 3649 2199 1305 485 7249 4353 2448 2339 1381 2568 6462 13012 1443 2343 9296 160 568 183 2948 3848 2441 6723 16087 6411 3260 771 488 1172 240 13196 3641 7729 108 2819 1211 181 9508 563 6711 3882 8169 4524 4526 308 7985 973 2983 7049 16632 711 368 972 1107 7219 2791 2652 84 1907 2144 3266 373 968 1519 1474 71 743 4735 304 1891 720 3445 1429 2137 3836 12442 8237 4114 
Summary
The average value of generated data: 3851.14
The variance value of generated data: 1.47412e+07(3839.43^2)


Buffet Service Time Generator
Generated values: 1949 1981 2282 1962 1788 1732 1704 1873 1592 1792 2115 1626 2263 1725 2153 2217 2177 2355 1768 1765 2205 1760 2138 1805 1977 2109 1864 1954 1676 1826 2073 1992 1711 2036 1955 1953 1711 1895 1920 1732 1998 1773 2282 1971 1693 1936 2337 2173 1872 1703 1982 2102 2292 1595 2003 1859 2006 2108 1958 1731 2065 1681 1869 1839 1707 2143 1978 1668 1889 1801 1751 1871 2118 1993 1651 2030 1877 2175 1902 1791 1701 1847 2041 2013 1749 1988 2261 1592 1982 1904 1947 1929 1748 1630 1787 1868 1917 1677 1744 2074 1929 1644 2178 2467 2267 1872 2045 2289 1914 1396 2085 2521 2079 1934 1924 2205 1761 1955 1613 2228 2176 2051 2405 1810 2005 2158 2140 1787 2034 1771 1849 1739 1750 1895 1605 2157 2018 1475 1998 2015 2064 2052 2016 1777 2079 1922 1564 1857 2145 1918 1871 1730 2275 1651 1778 1980 2283 1890 1736 1735 1724 2063 1927 1910 2060 1589 1901 2028 1849 2268 1815 1671 2228 1997 2042 1945 2030 1737 1826 2375 1689 2380 1965 1774 1814 2078 1899 1883 1607 1924 1934 2024 2059 1807 1877 2517 1938 1959 1624 1682 2025 1607 2024 2146 1536 1813 1755 1937 1778 1888 1862 2073 1820 2215 1607 1648 2145 1934 1979 1819 1858 1715 2243 1918 1801 1839 1527 2136 2033 1708 1782 1722 1503 2242 1912 1841 1814 1814 2160 2011 1830 1977 2010 1850 1798 1642 1742 1684 1895 1871 2231 2159 2024 1297 1540 
Summary
The average value of generated data: 1918.86
The variance value of generated data: 43655.2(208.938^2)


Cashier Service Time Generator
Generated values: 644 711 279 287 331 239 43 371 119 749 479 49 7 275 73 586 172 238 127 81 182 113 117 246 541 21 249 96 286 337 160 300 347 127 477 229 654 289 15 98 36 525 378 43 82 265 437 16 60 18 91 31 84 71 110 659 277 20 61 99 191 123 7 167 31 18 516 365 175 419 241 383 82 921 28 148 161 4 57 127 135 161 555 448 51 48 56 87 206 29 535 2 385 50 199 329 186 731 26 126 76 135 165 359 317 331 84 443 185 301 130 36 1090 370 475 28 89 130 253 28 85 117 198 162 11 1296 242 25 259 21 38 228 130 319 39 227 63 113 245 348 224 20 204 242 499 95 70 98 798 189 109 494 4 429 14 101 148 300 543 232 212 122 914 26 312 334 187 136 565 248 41 552 337 398 171 176 3 231 52 6 20 457 275 268 425 222 176 562 580 27 373 190 28 129 25 366 149 5 62 161 238 169 50 100 275 36 31 414 14 120 39 78 63 127 98 151 54 0 186 14 69 175 30 127 86 32 218 751 42 107 95 103 456 142 30 51 266 325 217 21 186 543 388 27 180 125 108 260 89 36 27 213 173 460 197 19 77 272 21 73 144 159 196 76 520 146 278 35 423 119 816 150 248 284 113 140 21 27 149 191 12 586 465 988 787 222 180 126 207 46 244 324 142 52 291 32 274 245 72 26 12 238 30 86 47 333 549 576 317 39 147 217 15 65 58 5 326 240 240 239 146 181 30 49 174 10 347 84 311 45 510 141 327 34 53 233 79 12 42 39 415 609 134 220 51 351 367 396 61 254 127 22 569 16 23 20 361 114 29 95 29 22 284 78 70 104 252 273 228 57 1262 446 118 22 321 74 92 82 24 82 360 405 0 587 379 336 203 137 58 210 109 14 44 5 94 591 47 269 67 79 117 5 92 641 17 211 371 397 37 56 238 35 170 321 
Summary
The average value of generated data: 208.345
The variance value of generated data: 41418.2(203.515^2)

Persons in Group Generator
Number of Persons in Groups: 1 1 1 1 1 1 1 1 1 1 1 1 1 1 1 1 1 1 1 1 1 1 1 1 1 1 1 1 1 1 1 1 1 2 2 2 2 2 2 2 2 2 2 2 2 2 2 2 2 2 2 2 2 2 2 2 2 2 2 2 2 2 2 2 2 2 2 2 2 2 2 2 2 2 2 2 2 2 2 2 2 2 2 2 2 2 2 2 2 2 2 2 2 2 2 2 2 2 2 2 2 2 2 2 2 2 2 2 2 2 2 2 2 2 2 2 2 2 2 2 2 2 2 2 2 2 2 2 2 2 2 2 2 2 2 2 2 2 2 2 2 2 2 2 2 2 2 2 2 2 2 2 2 2 2 2 2 2 2 2 2 2 2 2 2 2 2 2 2 3 3 3 3 3 3 3 3 3 3 3 3 3 3 3 3 3 3 3 3 3 3 3 3 3 3 3 3 3 3 3 3 3 3 3 3 3 3 3 3 3 3 3 3 3 3 3 3 3 3 3 3 3 3 3 3 3 3 3 3 3 3 3 3 3 3 3 3 3 3 3 3 3 3 3 3 3 3 3 3 3 3 3 3 3 3 3 3 3 3 3 3 3 3 3 3 3 3 3 3 3 3 3 3 3 3 3 3 3 3 3 3 3 3 3 3 3 3 3 3 3 3 3 3 3 3 3 3 3 3 3 3 3 3 3 3 3 3 3 3 3 3 3 3 3 3 3 3 3 3 3 3 3 3 3 3 3 3 3 4 4 4 4 4 4 4 4 4 4 4 4 4 4 4 4 4 4 4 4 4 4 4 4 4 4 4 4 4 4 4 4 4 4 4 4 4 4 4 4 4 4 4 4 4 4 4 4 4 4 4 4 4 4 4 4 4 4 4 4 4 4 4 4 4 4 4 4 4 4 4 4 4 4 4 4 4 4 4 4 4 4 4 4 4 4 
Summary
1 persons group: 33 groups (7.97101 %)
2 persons group: 136 groups (32.8502 %)
3 persons group: 159 groups (38.4058 %)
4 persons group: 86 groups (20.7729 %)

Buffet Type Customer Group Generator 
Type of Customer Groups (1 - Buffet, 0 - Restaurant): 1 1 1 0 1 1 0 1 0 1 0 1 1 1 1 0 0 0 0 1 0 0 1 1 0 1 1 1 1 1 1 1 1 1 1 0 1 1 0 1 1 0 0 1 0 1 1 0 1 1 1 1 1 1 1 1 1 0 1 0 1 0 1 0 1 1 1 1 1 1 1 1 1 0 0 1 1 0 0 1 1 1 0 0 0 1 0 1 1 0 0 1 1 1 0 1 1 0 1 1 0 0 1 1 0 0 1 1 1 0 0 0 0 1 0 1 1 0 0 0 1 1 0 1 1 1 1 0 1 1 1 0 1 1 0 1 1 1 0 1 0 0 1 0 1 1 1 0 0 1 1 1 0 1 1 1 0 0 1 1 0 1 1 1 1 1 0 1 1 0 0 1 1 1 1 1 0 0 1 1 0 0 0 1 0 1 0 0 1 0 0 0 0 1 0 0 0 1 1 1 1 1 1 1 0 1 1 1 0 1 0 1 1 0 1 1 1 0 1 1 1 1 1 0 1 0 1 0 0 1 1 0 0 0 0 1 1 1 1 0 0 0 1 0 1 1 0 1 1 0 1 1 0 0 1 1 1 0 1 1 1 0 1 1 0 1 1 1 0 0 0 0 0 1 0 1 1 0 1 1 1 1 0 1 0 0 1 0 0 1 0 1 1 1 0 0 1 1 0 1 1 1 0 1 0 1 0 1 1 0 1 0 1 1 1 1 1 1 0 0 1 1 1 1 0 0 1 1 0 1 1 1 1 1 1 0 0 1 1 0 0 0 1 0 0 1 1 0 1 0 1 1 1 0 0 0 0 1 1 1 1 1 1 0 1 1 0 0 1 1 1 1 1 1 1 0 1 0 1 0 1 0 0 1 0 0 1 0 1 1 0 1 1 0 1 0 1 1 0 1 1 1 1 1 0 1 1 0 1 1 1 0 1 0 
Summary
255 Buffet Groups and 159 Restaurant Groups (61.5942 % Buffet Groups)