
Interval Arrival Time Generator
Generated values: 520 574 683 616 494 709 629 643 654 667 651 520 539 613 561 631 667 575 574 641 592 569 612 640 674 524 634 560 638 528 608 528 681 635 709 479 645 540 552 638 660 654 514 686 592 457 613 547 575 537 554 649 692 557 599 631 597 626 784 597 641 598 670 586 501 538 622 572 654 597 632 623 639 580 533 551 709 560 670 658 530 578 582 642 603 602 635 648 703 656 584 649 599 606 539 602 540 669 589 573 580 610 673 647 594 555 643 614 626 673 704 595 737 537 674 512 465 543 566 511 527 581 441 517 682 551 760 557 628 636 585 647 616 635 708 574 676 634 631 543 592 651 574 664 643 510 663 632 548 691 563 582 443 551 621 658 665 599 566 643 587 679 563 535 743 701 610 581 584 648 684 606 730 534 545 661 597 589 548 553 594 592 639 562 564 590 520 713 664 609 608 594 510 592 634 570 613 447 584 581 565 673 679 650 561 544 557 630 621 677 629 516 704 686 691 695 703 609 640 625 591 557 560 555 647 705 605 618 686 576 511 669 595 562 603 582 648 697 620 570 597 531 576 659 694 508 562 647 482 570 653 525 589 685 537 692 660 617 656 580 607 653 593 670 591 665 472 592 623 654 651 565 503 504 580 568 610 594 532 559 603 556 555 564 571 570 573 565 542 553 594 529 565 498 655 592 580 554 645 614 645 651 587 585 641 621 497 670 579 557 540 557 560 605 540 611 503 531 606 660 690 543 555 651 612 643 662 549 673 659 555 607 571 733 639 515 571 605 525 564 599 583 620 590 527 589 632 595 597 660 619 594 646 612 647 572 613 538 586 675 671 664 566 656 713 610 626 584 483 570 507 627 554 554 672 576 571 625 706 509 653 627 613 531 457 571 612 620 539 541 469 562 568 633 638 644 605 595 528 636 541 685 706 570 641 577 611 605 671 615 664 597 570 621 724 601 675 628 619 654 526 543 630 555 469 468 718 685 631 581 558 
Summary
The average value of generated data: 602.132
The variance value of generated data: 3507.79(59.2266^2)


Waiter Service Time Generator
Generated values: 8342 3816 1992 7224 12570 3527 5946 4928 4305 3330 1551 10239 132 3804 733 3692 6999 9023 4764 18969 12050 7276 5704 9477 1043 3974 6377 3366 8217 6628 7512 585 9780 9434 1338 479 4653 328 16603 11333 1905 271 2462 3574 92 8635 2881 3236 7576 2744 1106 4933 6949 6907 7612 273 2327 684 277 2181 19868 3723 259 1640 1764 2464 1460 2301 17343 1451 61 7364 18837 19928 2490 5513 10081 31628 4261 9969 11378 9715 10463 1255 1153 4917 8521 974 381 5558 6687 165 3631 2584 12015 9723 3142 4618 557 1540 7024 50 1252 3876 3209 2356 17879 9603 793 30676 3221 14753 4857 4770 4683 13837 1906 5184 14967 2923 7759 8528 228 3715 7052 4287 4746 1783 5229 97 191 340 564 17309 7877 7841 113 236 5248 8213 41 1198 7754 2571 1660 131 6226 22122 15486 10075 1439 1952 17215 2022 1230 6995 8305 7229 4258 6153 464 7179 2315 487 1993 42927 883 6946 1948 13087 8608 1997 5074 1012 1540 2501 4670 10790 363 6762 8790 10323 4865 4931 1472 6545 1464 469 236 5757 9164 542 19022 160 6604 12106 24174 6221 3563 8 1023 189 197 2943 2426 8834 9414 3012 349 5333 3365 10546 10793 5115 19062 12103 462 9292 3004 6752 206 5113 2911 1319 769 6946 9801 2936 799 2248 1341 799 
Summary
The average value of generated data: 5735.56
The variance value of generated data: 3.59699e+07(5997.49^2)


Buffet Service Time Generator
Generated values: 5479 6613 6415 6125 7109 6223 5657 7223 6485 6649 6339 6011 6599 6341 6514 6252 6644 6031 5825 5125 6607 6346 5735 6510 7421 5548 6244 5726 5431 6300 5936 6150 6918 6805 5624 6068 6111 6572 5883 6052 5816 6535 6647 6761 6706 6767 6480 5428 6256 6355 7169 6304 6273 6747 5741 5539 6518 6859 6152 5913 6588 6571 5848 6372 6236 6974 5904 6620 6289 5958 5730 6802 7328 6017 5638 5537 5479 6657 5431 5899 6461 7180 5850 5621 6214 5715 6280 5930 5757 6121 5803 5679 5943 6929 6182 6777 6296 6252 6605 6591 5998 6192 5674 6544 6433 5976 6593 6322 7139 6142 5665 6706 5394 6600 5974 6590 7272 5870 6042 6734 5867 6197 5801 5625 5963 6360 5915 6410 6994 6372 5681 6632 7079 6223 6534 6283 6420 5616 6741 5978 5257 5765 7032 5753 6165 6196 6489 6389 5740 5062 6782 5966 5376 6319 6100 7215 5791 6204 5534 6061 6086 5479 6338 5671 5452 6136 6756 6305 5478 6189 6356 5440 5339 6488 5543 6376 6276 6201 5466 6197 5128 5679 5121 6336 6074 6816 6118 5801 6485 6098 6135 6682 5446 5808 6070 6382 6338 6449 6930 6511 
Summary
The average value of generated data: 6192.01
The variance value of generated data: 239067(488.945^2)


Cashier Service Time Generator
Generated values: 649 559 119 12 177 282 1437 172 112 47 194 21 35 96 407 390 191 192 63 43 5 356 92 230 133 106 102 209 860 43 47 441 248 217 83 11 327 86 195 287 611 469 5 155 25 50 19 24 351 331 232 77 103 349 459 90 475 43 7 247 192 270 145 392 356 519 762 391 240 224 343 40 59 229 159 33 122 96 8 211 201 262 105 120 85 437 83 30 405 455 454 625 432 449 552 644 64 104 193 224 105 26 339 123 444 275 9 17 881 78 414 194 317 623 154 475 498 225 123 104 182 336 385 292 230 279 551 233 29 417 478 139 37 97 152 250 241 276 20 338 111 167 150 87 183 288 157 16 3 210 17 549 99 3 143 722 61 88 187 698 118 46 274 65 268 57 166 284 191 67 128 14 58 246 56 577 215 514 190 259 68 153 247 740 38 503 41 330 307 151 543 419 18 231 145 145 77 623 407 60 225 376 76 344 829 65 351 366 2 0 148 120 192 284 6 207 533 55 85 11 85 139 9 76 82 555 495 23 397 358 178 1202 72 232 94 102 109 96 64 231 539 191 265 129 105 17 110 186 113 447 348 322 100 187 20 460 43 91 49 79 116 722 117 193 101 191 32 201 258 7 1134 60 202 174 14 268 66 45 167 407 206 68 145 1332 137 180 77 386 223 240 239 0 118 499 526 329 349 106 18 98 78 152 327 889 109 201 420 250 135 253 561 59 433 211 102 112 127 568 3 199 72 402 16 233 107 291 65 110 50 515 288 360 457 419 40 27 203 42 196 273 661 336 261 195 574 1118 125 107 104 107 246 112 41 564 67 64 542 23 104 178 713 112 218 25 396 151 29 134 100 723 103 168 294 405 267 33 2 264 457 47 146 721 663 64 384 201 477 758 395 200 116 253 88 287 133 158 128 203 74 87 120 18 5 508 868 1074 70 787 63 548 123 177 366 205 397 144 431 231 276 202 399 177 331 0 917 128 47 21 16 20 77 353 
Summary
The average value of generated data: 240.887
The variance value of generated data: 50754.3(225.287^2)

Persons in Group Generator
Number of Persons in Groups: 1 1 1 1 1 1 1 1 1 1 1 1 1 1 1 1 1 1 1 1 1 1 1 1 1 1 1 1 1 1 1 1 1 1 1 1 1 1 1 1 1 1 1 1 1 1 2 2 2 2 2 2 2 2 2 2 2 2 2 2 2 2 2 2 2 2 2 2 2 2 2 2 2 2 2 2 2 2 2 2 2 2 2 2 2 2 2 2 2 2 2 2 2 2 2 2 2 2 2 2 2 2 2 2 2 2 2 2 2 2 2 2 2 2 2 2 2 2 2 2 2 2 2 2 2 2 2 2 2 2 2 2 2 2 2 2 2 2 2 2 2 2 2 2 2 2 2 2 2 2 2 2 2 2 2 2 2 2 2 2 2 2 2 2 2 2 2 2 2 2 2 2 2 2 2 2 2 2 2 2 2 2 2 2 2 2 2 2 2 2 2 2 2 2 3 3 3 3 3 3 3 3 3 3 3 3 3 3 3 3 3 3 3 3 3 3 3 3 3 3 3 3 3 3 3 3 3 3 3 3 3 3 3 3 3 3 3 3 3 3 3 3 3 3 3 3 3 3 3 3 3 3 3 3 3 3 3 3 3 3 3 3 3 3 3 3 3 3 3 3 3 3 3 3 3 3 3 3 3 3 3 3 3 3 3 3 3 3 3 3 3 3 3 3 3 3 3 3 3 3 3 3 3 3 3 3 3 3 3 3 3 3 3 3 3 3 3 3 3 3 3 3 3 4 4 4 4 4 4 4 4 4 4 4 4 4 4 4 4 4 4 4 4 4 4 4 4 4 4 4 4 4 4 4 4 4 4 4 4 4 4 4 4 4 4 4 4 4 4 4 4 4 4 4 4 4 4 4 4 4 4 4 4 4 4 4 4 4 4 4 4 4 4 4 4 4 4 4 4 4 4 4 4 4 4 4 4 4 4 4 4 4 4 4 4 4 4 4 4 4 4 4 4 4 4 4 4 4 4 4 4 4 
Summary
1 persons group: 46 groups (10.6481 %)
2 persons group: 148 groups (34.2593 %)
3 persons group: 129 groups (29.8611 %)
4 persons group: 109 groups (25.2315 %)

Buffet Type Customer Group Generator 
Type of Customer Groups (1 - Buffet, 0 - Restaurant): 0 0 0 0 0 0 1 1 1 0 1 0 1 0 1 1 1 0 0 0 0 1 1 1 1 0 1 1 0 1 0 0 1 1 0 1 0 1 1 1 1 0 0 0 0 0 0 0 1 1 1 1 1 0 1 1 0 0 1 1 0 1 1 1 0 0 0 0 0 1 1 1 0 1 0 0 0 1 1 1 0 1 1 1 1 0 1 0 1 0 1 0 0 1 1 0 1 1 1 1 1 1 0 0 0 1 1 0 0 1 1 0 0 0 0 1 1 0 1 1 0 0 1 0 1 1 1 0 1 0 1 0 0 0 1 0 0 0 0 0 0 0 1 0 0 1 0 1 0 1 1 0 1 0 0 0 0 0 0 0 0 0 0 0 1 1 1 1 0 1 0 0 0 1 1 1 0 0 1 0 1 1 1 1 1 1 1 1 1 0 0 1 0 0 0 1 0 1 0 0 0 1 0 0 0 0 0 1 1 1 0 0 1 0 0 0 0 0 0 0 0 1 0 1 1 0 1 0 0 0 0 1 0 1 1 0 1 1 0 0 1 0 0 0 1 0 1 1 0 1 1 0 0 0 1 1 0 1 0 1 0 0 1 1 1 1 1 0 1 1 0 1 0 1 0 0 0 0 1 1 1 0 0 1 0 1 0 0 0 0 1 1 0 1 0 1 0 0 1 1 0 0 0 1 0 0 1 1 0 1 0 0 0 1 1 0 1 1 1 0 1 0 0 0 1 1 1 0 1 0 0 0 0 0 0 1 0 1 0 0 0 1 0 1 1 1 0 0 1 0 1 0 0 1 0 0 0 1 0 1 0 1 1 1 0 0 0 0 1 1 0 0 1 0 1 1 0 0 0 0 0 1 1 0 1 0 1 1 1 0 1 1 0 1 1 0 1 0 1 0 1 0 1 1 0 0 1 1 0 0 1 1 0 1 0 0 0 0 0 0 0 1 1 1 0 0 0 0 0 1 0 1 1 
Summary
201 Buffet Groups and 232 Restaurant Groups (46.4203 % Buffet Groups)