
Interval Arrival Time Generator
Generated values: 578 509 685 559 564 664 686 600 494 664 578 648 523 744 537 594 578 629 755 548 494 578 784 523 613 512 555 595 562 579 668 657 499 561 546 504 723 658 524 459 505 619 606 734 630 614 559 520 606 640 506 700 633 686 623 581 542 634 654 563 534 634 627 672 675 617 654 677 613 634 509 705 627 782 547 514 629 595 641 627 730 592 681 567 559 533 680 626 561 597 572 530 658 603 567 640 547 662 611 671 586 566 624 716 633 587 710 651 668 532 622 571 589 530 636 638 576 587 493 609 729 703 696 621 651 632 581 596 650 528 670 589 622 581 600 628 582 589 576 531 625 515 576 618 594 560 691 529 453 526 571 501 537 647 566 589 567 610 556 616 583 601 545 675 609 684 575 673 600 577 647 637 613 572 564 525 655 560 649 643 617 687 547 628 687 583 562 597 596 549 596 645 572 598 564 532 626 687 641 626 651 574 529 565 670 609 584 694 577 697 536 651 688 690 643 666 546 617 534 491 673 563 525 569 577 602 639 636 698 666 542 547 610 659 524 633 640 598 539 591 546 567 569 499 570 637 619 653 518 631 518 599 693 523 669 659 555 529 603 516 629 583 667 654 495 652 603 594 655 664 655 594 588 495 603 499 475 553 554 553 701 598 636 618 601 652 613 576 550 560 612 548 569 547 645 639 516 636 541 647 555 588 630 552 546 622 506 520 638 657 526 593 602 567 647 554 643 661 578 513 584 705 489 676 679 541 656 563 649 508 638 664 526 495 553 579 558 622 671 531 608 625 730 686 637 671 599 583 556 534 561 578 574 553 548 645 631 682 579 531 606 666 563 622 618 577 639 567 522 647 633 616 488 580 621 591 636 601 742 654 598 601 505 599 503 609 559 574 517 528 584 592 511 541 507 722 623 541 534 586 639 605 634 555 669 732 651 533 633 686 629 648 755 658 566 686 652 555 565 572 604 601 605 654 544 598 581 667 671 665 601 591 
Summary
The average value of generated data: 601.271
The variance value of generated data: 3547.39(59.5599^2)


Waiter Service Time Generator
Generated values: 1157 4626 1834 2664 2349 320 16098 8928 570 1150 11119 2360 9571 6714 3007 589 11537 1362 15410 11831 3215 3209 24458 722 3988 662 3345 5110 3314 2337 5420 1509 868 3053 2626 14446 3526 3914 11700 2007 5824 4280 6264 7694 2861 2399 2732 1555 3330 7438 4725 3626 1261 5216 3540 3380 4781 4148 2265 1669 7655 8183 3555 1986 6416 7686 1740 6997 2664 6377 997 2298 4221 4141 12097 20044 6832 6857 5511 4562 4686 16845 911 10768 3337 6422 38 3121 3690 1890 2068 5637 990 701 458 2196 2113 4133 3094 4417 1890 1922 813 10443 826 7743 13003 16378 4492 4986 6898 2531 6715 2342 2504 3766 9078 2759 2286 8793 16145 4311 585 2129 7312 14222 39265 6018 591 7398 5100 7214 24568 103 5155 483 815 217 2138 863 198 3989 3281 1338 5137 1924 1635 1880 7330 3986 2101 2065 3469 4418 13145 1450 770 19232 11491 21056 4838 2274 37 349 11576 7905 2611 22277 2189 1596 3607 7810 6348 3287 2267 10435 4918 19124 7954 136 7695 13217 1249 4690 1138 11195 7459 9628 1661 8324 3023 4477 1219 1733 5973 8473 1138 7229 3471 27528 2299 155 7294 377 3349 13634 941 11531 9992 896 12272 2435 6061 2137 0 6292 12332 8948 21753 230 2639 4220 485 9836 8052 3008 5144 12923 9369 1453 497 3240 17093 
Summary
The average value of generated data: 5611.96
The variance value of generated data: 3.15235e+07(5614.58^2)


Buffet Service Time Generator
Generated values: 6513 5733 6165 6442 6230 6925 6402 5898 7257 5882 8088 6385 6993 6317 6028 6242 6673 6763 6192 5882 6301 6427 5692 5358 7302 6417 6965 6356 5543 6408 6119 5261 6231 5746 5314 6308 6437 6421 6385 5814 5168 5754 6010 5556 6023 6387 7221 5750 6863 6673 5414 5492 5926 6066 6162 5758 5393 6238 6156 6405 6803 7406 5722 6398 6746 6714 6843 6270 6053 5504 6368 6563 6005 6586 6188 5941 5611 7213 6596 6541 6608 6790 5699 6148 5773 6214 5638 6008 6991 5528 6747 6186 6148 5417 7475 6525 5895 6405 6380 5498 6235 6500 7173 6328 6074 6452 6348 5709 6206 6155 6309 6799 6182 5781 6177 6393 6086 5709 6424 7049 6354 5696 6138 6715 6266 6428 5679 5750 6587 6295 5933 6761 6750 5644 5229 5750 6004 6102 5358 5708 5812 6128 6084 6977 5754 5357 5514 6880 6524 6420 6215 6353 5800 5662 5861 6108 6390 5804 6116 6365 6224 6622 6559 6184 5369 5638 5508 6561 6160 6599 5730 5135 6207 6601 6761 6576 6770 6479 6222 6723 6823 5708 6222 6280 5867 7157 6977 6876 5698 6464 6956 6541 6801 6277 5705 6474 6756 6494 5641 6231 
Summary
The average value of generated data: 6231.55
The variance value of generated data: 252401(502.396^2)


Cashier Service Time Generator
Generated values: 218 427 86 248 239 28 1171 330 94 177 8 251 434 30 46 754 756 85 282 4 171 329 94 250 307 573 336 81 173 314 34 228 16 360 283 22 14 30 155 837 436 123 462 224 892 30 302 129 200 137 385 260 142 450 712 68 45 11 13 251 354 487 397 105 96 126 111 241 124 127 606 112 70 182 45 25 589 194 4 4 91 610 12 468 177 448 142 284 1087 384 464 248 494 376 462 17 8 431 678 49 84 73 105 127 105 151 158 552 204 812 127 427 67 174 824 287 60 730 242 395 214 3 31 115 1239 1 571 418 74 94 12 460 174 61 150 33 114 63 150 344 21 130 231 32 115 283 766 367 112 321 496 795 668 134 57 350 440 14 99 229 168 49 571 101 254 67 257 96 434 844 257 199 117 197 250 384 75 47 352 238 172 120 227 242 59 146 106 975 25 655 165 217 683 129 232 232 58 104 288 161 161 294 101 287 22 56 64 88 291 318 286 78 98 54 20 15 1109 84 83 206 436 95 578 661 297 769 103 176 290 570 138 156 293 437 64 612 15 554 387 537 660 28 771 279 204 268 158 6 11 46 215 412 192 218 43 18 18 7 253 58 506 82 352 298 95 490 71 84 43 501 142 98 19 24 146 241 171 953 195 207 193 283 283 84 173 498 614 27 533 128 375 74 13 250 79 130 558 693 27 69 68 283 215 122 35 263 123 151 85 7 99 56 312 0 7 240 75 509 84 163 40 114 202 28 11 123 450 290 876 205 148 47 58 858 794 242 770 797 41 7 1774 29 8 111 241 166 248 206 268 273 215 20 125 378 579 37 284 430 75 142 156 311 249 776 49 1 91 215 265 217 126 238 48 382 169 716 593 400 276 108 131 328 732 43 515 650 146 10 434 307 67 0 964 275 201 247 795 293 308 13 13 176 188 118 355 115 443 186 258 253 584 97 100 83 53 654 287 356 162 162 107 304 137 53 7 233 498 490 297 724 215 281 163 
Summary
The average value of generated data: 256.97
The variance value of generated data: 59846.3(244.635^2)

Persons in Group Generator
Number of Persons in Groups: 1 1 1 1 1 1 1 1 1 1 1 1 1 1 1 1 1 1 1 1 1 1 1 1 1 1 1 1 1 1 1 1 1 1 1 1 1 1 1 1 1 1 1 1 1 1 1 1 1 1 2 2 2 2 2 2 2 2 2 2 2 2 2 2 2 2 2 2 2 2 2 2 2 2 2 2 2 2 2 2 2 2 2 2 2 2 2 2 2 2 2 2 2 2 2 2 2 2 2 2 2 2 2 2 2 2 2 2 2 2 2 2 2 2 2 2 2 2 2 2 2 2 2 2 2 2 2 2 2 2 2 2 2 2 2 2 2 2 2 2 2 2 2 2 2 2 2 2 2 2 2 2 2 2 2 2 2 2 2 2 2 2 2 2 2 2 2 2 2 2 2 2 2 2 2 3 3 3 3 3 3 3 3 3 3 3 3 3 3 3 3 3 3 3 3 3 3 3 3 3 3 3 3 3 3 3 3 3 3 3 3 3 3 3 3 3 3 3 3 3 3 3 3 3 3 3 3 3 3 3 3 3 3 3 3 3 3 3 3 3 3 3 3 3 3 3 3 3 3 3 3 3 3 3 3 3 3 3 3 3 3 3 3 3 3 3 3 3 3 3 3 3 3 3 3 3 3 3 3 3 3 3 3 3 3 3 3 3 3 3 3 3 3 3 3 3 3 3 3 3 3 3 3 3 3 3 3 3 3 3 3 3 3 3 3 3 3 3 3 4 4 4 4 4 4 4 4 4 4 4 4 4 4 4 4 4 4 4 4 4 4 4 4 4 4 4 4 4 4 4 4 4 4 4 4 4 4 4 4 4 4 4 4 4 4 4 4 4 4 4 4 4 4 4 4 4 4 4 4 4 4 4 4 4 4 4 4 4 4 4 4 4 4 4 4 4 4 4 4 4 4 4 4 4 4 4 4 4 4 4 4 4 4 4 4 4 4 4 4 4 4 4 4 4 4 4 4 4 4 4 4 4 4 
Summary
1 persons group: 50 groups (11.5473 %)
2 persons group: 125 groups (28.8684 %)
3 persons group: 144 groups (33.2564 %)
4 persons group: 114 groups (26.3279 %)

Buffet Type Customer Group Generator 
Type of Customer Groups (1 - Buffet, 0 - Restaurant): 0 0 1 1 0 1 1 0 1 0 0 0 0 0 0 0 1 1 1 0 0 0 1 0 0 0 0 0 0 0 0 0 1 1 0 0 1 0 0 1 0 1 0 1 1 1 0 0 1 1 1 0 1 0 1 1 1 0 0 1 1 1 0 1 0 0 0 0 0 1 0 0 1 0 1 1 0 0 1 1 0 1 1 0 1 1 0 1 0 1 1 1 0 1 0 1 0 0 1 0 0 1 1 1 0 0 0 1 0 1 1 0 1 0 0 0 1 0 0 0 0 0 0 0 1 1 0 1 1 0 0 0 0 1 1 0 0 0 1 1 0 1 1 1 0 0 0 1 0 1 0 0 0 1 1 0 0 0 0 0 0 1 0 1 0 0 1 1 0 1 1 1 1 0 0 0 1 1 1 1 0 1 1 1 0 0 0 0 0 1 1 0 0 0 1 1 0 0 1 0 1 0 0 0 0 0 1 0 1 1 1 0 1 0 0 1 1 1 0 1 0 0 0 0 0 0 0 1 1 0 1 1 1 0 0 0 0 0 1 0 1 1 0 1 0 0 1 1 1 0 0 0 1 1 1 1 1 0 0 1 0 1 1 1 1 0 0 1 1 0 1 1 0 0 1 0 1 0 1 0 1 0 1 0 1 0 1 1 1 0 0 0 1 1 0 1 1 0 1 0 0 1 0 1 1 1 1 1 0 1 0 1 1 0 0 0 1 1 0 0 1 1 1 1 1 0 1 0 1 1 1 0 0 1 0 1 0 1 0 0 0 0 0 1 1 1 1 1 0 1 1 1 1 1 0 1 1 0 0 0 0 0 1 0 0 0 0 1 1 0 1 0 0 0 0 0 0 0 0 0 1 1 0 0 0 0 0 1 0 0 1 1 1 0 0 1 0 0 1 0 1 0 1 0 1 0 0 0 0 0 1 0 0 0 1 0 1 0 1 1 0 0 1 1 1 0 0 1 1 1 0 0 1 
Summary
200 Buffet Groups and 233 Restaurant Groups (46.1894 % Buffet Groups)