
Interval Arrival Time Generator
Generated values: 623 754 665 598 597 510 696 652 670 601 577 570 572 716 578 624 632 611 573 686 622 502 689 586 566 587 537 602 601 547 537 602 656 578 584 597 663 593 601 554 643 668 673 684 654 541 663 709 601 604 621 557 536 541 571 620 548 631 554 596 469 600 631 537 557 614 566 635 799 577 721 640 685 541 562 657 595 590 617 578 645 589 546 656 598 599 543 497 678 608 577 611 537 604 617 526 642 607 551 625 609 623 694 688 632 659 670 657 595 485 601 594 542 543 626 710 512 557 678 664 631 509 738 568 660 614 572 581 551 610 457 674 556 627 680 628 596 677 589 530 574 490 506 593 656 549 590 559 513 719 588 666 564 562 546 638 607 616 639 631 537 631 589 560 570 619 570 616 522 656 560 622 553 480 745 525 682 588 520 679 710 535 624 596 697 564 624 766 582 691 564 628 486 653 498 611 541 642 637 626 618 620 586 650 666 618 622 731 575 530 645 583 587 614 513 535 616 683 647 487 525 602 613 510 607 503 645 663 702 574 494 603 547 532 600 563 534 582 545 668 694 596 567 551 629 571 587 548 648 557 701 546 624 578 651 628 611 622 558 655 590 545 623 538 664 673 498 599 503 682 645 562 576 561 624 611 649 614 590 591 605 608 540 569 573 524 574 530 601 618 579 568 455 514 640 600 654 631 662 568 625 653 663 589 549 586 623 644 598 641 596 476 599 643 601 626 581 524 607 591 621 607 601 732 671 550 559 692 759 664 592 659 675 646 631 516 584 704 470 540 690 515 602 603 585 666 660 553 700 684 649 727 582 594 581 580 573 623 516 637 607 632 636 670 656 649 578 622 609 569 715 566 434 644 518 524 662 609 707 570 639 526 602 559 565 565 481 692 539 563 614 711 530 587 591 599 574 600 596 572 618 473 640 623 633 561 610 712 654 472 632 568 614 618 474 611 530 576 634 543 590 644 626 657 661 635 599 659 561 488 549 
Summary
The average value of generated data: 601.877
The variance value of generated data: 3508.85(59.2356^2)


Waiter Service Time Generator
Generated values: 14952 2915 6545 93 23447 2978 2169 201 7947 15365 4741 1821 810 6505 20277 16309 6572 1706 1762 3242 158 3371 40593 4102 8057 1352 10494 4485 13509 6348 5405 11781 4866 12535 3267 3664 214 4811 1813 1981 1738 4581 12373 964 593 6838 370 8157 2413 3226 2180 7597 1154 3837 19896 7851 7049 335 5493 4517 5642 16904 4592 16953 3927 3394 8294 10176 938 250 824 4091 5784 3933 1895 11080 2616 1102 491 1350 11083 6675 9504 9359 11023 15825 31 1875 1194 1878 1680 8224 1601 6138 1736 4516 11447 647 1885 2962 10 545 5158 5277 3880 7572 1508 456 12579 1046 13200 4245 2560 9809 6461 346 2625 8249 9039 691 2654 437 538 12436 1313 3729 2180 5552 421 7378 596 6185 612 724 52024 6427 4095 1215 3201 66 10066 8315 121 7016 12396 4247 389 5039 7093 176 6491 1342 6215 72 28811 8304 4503 9941 8182 4830 10837 2388 204 7934 8702 9618 130 2143 3322 349 104 972 2337 546 5293 15408 4365 15996 16625 358 1788 1890 6832 3227 411 2706 4681 4860 3842 10981 6771 719 14991 1161 3230 467 3676 2426 499 1455 9102 301 6474 5811 1295 4679 2256 1450 1224 8518 7745 13456 7284 4334 350 10335 2004 2938 7676 3783 4394 1047 560 8759 2553 4890 28557 4542 11106 14845 5385 365 3111 6030 271 1097 2181 4073 18108 2483 18543 11625 
Summary
The average value of generated data: 5695.11
The variance value of generated data: 4.06354e+07(6374.59^2)


Buffet Service Time Generator
Generated values: 7801 6420 6067 6532 6326 6277 7403 6039 5637 6328 6376 5625 5152 6606 5527 6013 6827 6732 6516 5522 6741 6459 6428 6873 6124 5843 5957 6013 6484 5564 6296 6432 6286 6788 6533 6494 6791 5510 6590 5455 7522 6979 7102 6080 5806 6689 5332 7713 5576 5987 5474 5603 6226 6168 6242 6011 5895 6021 5283 6326 6591 6493 5682 6288 7022 6060 5759 5920 6134 6024 5744 6588 6209 5653 5567 6062 6545 6283 6054 6050 7020 6229 6599 6747 6611 5216 5803 5763 5772 6147 6631 5625 6844 5784 5936 5875 6490 6082 7415 6732 5666 6118 6614 5563 6533 7168 6032 5671 6115 5679 5891 6071 5557 5434 5273 6835 6264 5723 6424 6105 6796 6377 5952 5467 5853 6540 6649 6289 6132 7040 6963 6047 6116 6078 6093 6274 6465 6569 6195 5995 5908 6610 6106 5750 6185 6247 5908 6379 5917 5966 5820 6112 6553 5440 6959 7086 6543 6092 6175 6083 6481 6431 5803 6922 5896 5931 6538 6069 6471 5446 6954 5061 6517 6124 5667 6546 7146 6073 7004 6069 6713 6114 5781 6658 6179 6152 5918 5565 6167 6051 
Summary
The average value of generated data: 6212.54
The variance value of generated data: 249579(499.579^2)


Cashier Service Time Generator
Generated values: 18 180 332 167 181 72 240 31 187 582 21 157 255 280 3 168 23 419 152 173 398 67 95 7 79 717 135 163 74 57 713 250 778 117 155 370 173 10 39 438 231 48 22 155 627 78 188 63 89 450 103 137 75 276 59 181 202 130 362 340 420 46 237 118 52 939 385 224 61 235 10 837 438 1109 38 111 228 15 172 108 216 59 173 376 437 89 701 86 277 165 347 35 439 83 683 102 201 671 204 582 51 184 38 561 97 125 419 162 58 1133 103 101 174 262 51 321 104 138 199 32 1031 125 49 843 98 51 6 56 3 287 778 175 152 229 554 15 469 441 67 486 391 348 8 265 13 121 6 191 49 93 6 432 118 152 22 29 109 328 212 156 42 162 268 32 38 55 1160 97 138 220 422 139 205 593 93 158 30 215 0 754 90 700 180 550 254 1037 13 60 305 462 963 1173 175 187 153 410 272 913 7 50 263 106 178 166 167 795 378 85 310 357 205 334 473 11 227 98 23 538 503 239 70 81 74 91 174 356 90 81 587 33 666 262 431 384 36 293 124 421 1003 486 508 148 60 539 206 186 114 118 92 200 331 305 51 567 47 41 201 57 137 161 154 527 200 20 837 309 210 109 831 59 713 26 365 135 199 40 343 356 866 63 122 225 137 323 434 11 310 565 409 41 103 376 202 150 126 548 325 86 27 441 161 80 109 355 392 32 269 249 403 121 219 409 119 593 28 34 383 135 345 439 381 269 548 136 276 258 798 184 183 56 167 263 412 259 74 278 0 120 119 122 147 336 120 124 239 105 156 329 191 150 84 69 137 164 139 908 287 284 108 37 111 253 107 276 769 15 256 246 1033 263 91 264 54 609 66 417 47 108 21 47 187 245 49 155 939 331 199 228 140 14 4 88 197 458 434 12 166 468 134 203 191 40 403 470 277 106 165 157 36 142 417 452 8 51 13 131 267 225 224 474 779 413 720 280 32 636 7 348 77 1038 2 425 
Summary
The average value of generated data: 252.884
The variance value of generated data: 56487.4(237.671^2)

Persons in Group Generator
Number of Persons in Groups: 1 1 1 1 1 1 1 1 1 1 1 1 1 1 1 1 1 1 1 1 1 1 1 1 1 1 1 1 1 1 1 1 1 1 1 1 1 1 1 1 1 1 1 1 1 1 2 2 2 2 2 2 2 2 2 2 2 2 2 2 2 2 2 2 2 2 2 2 2 2 2 2 2 2 2 2 2 2 2 2 2 2 2 2 2 2 2 2 2 2 2 2 2 2 2 2 2 2 2 2 2 2 2 2 2 2 2 2 2 2 2 2 2 2 2 2 2 2 2 2 2 2 2 2 2 2 2 2 2 2 2 2 2 2 2 2 2 2 2 2 2 2 2 2 2 2 2 2 2 2 2 2 2 2 2 2 2 2 2 2 2 2 2 2 2 2 2 2 2 2 2 2 2 2 2 2 2 3 3 3 3 3 3 3 3 3 3 3 3 3 3 3 3 3 3 3 3 3 3 3 3 3 3 3 3 3 3 3 3 3 3 3 3 3 3 3 3 3 3 3 3 3 3 3 3 3 3 3 3 3 3 3 3 3 3 3 3 3 3 3 3 3 3 3 3 3 3 3 3 3 3 3 3 3 3 3 3 3 3 3 3 3 3 3 3 3 3 3 3 3 3 3 3 3 3 3 3 3 3 3 3 3 3 3 3 3 3 3 3 3 3 3 3 3 3 3 3 3 3 3 3 3 3 3 3 3 3 3 3 3 3 3 3 3 4 4 4 4 4 4 4 4 4 4 4 4 4 4 4 4 4 4 4 4 4 4 4 4 4 4 4 4 4 4 4 4 4 4 4 4 4 4 4 4 4 4 4 4 4 4 4 4 4 4 4 4 4 4 4 4 4 4 4 4 4 4 4 4 4 4 4 4 4 4 4 4 4 4 4 4 4 4 4 4 4 4 4 4 4 4 4 4 4 4 4 4 4 4 4 4 4 4 4 4 4 4 4 4 4 4 4 4 4 4 4 4 4 4 4 4 4 4 
Summary
1 persons group: 46 groups (10.6481 %)
2 persons group: 131 groups (30.3241 %)
3 persons group: 137 groups (31.713 %)
4 persons group: 118 groups (27.3148 %)

Buffet Type Customer Group Generator 
Type of Customer Groups (1 - Buffet, 0 - Restaurant): 0 0 1 0 0 1 0 0 1 0 0 0 0 0 1 0 0 0 0 0 1 1 0 1 1 1 1 0 1 1 0 0 0 0 1 0 1 0 0 1 1 1 1 0 1 1 1 1 0 0 0 1 1 1 0 0 0 0 0 1 1 0 0 0 0 0 0 1 1 0 0 1 0 0 1 1 0 0 0 0 0 0 0 0 1 1 0 0 0 1 0 1 1 0 1 1 0 1 0 1 0 0 1 0 1 1 0 0 1 0 1 0 0 0 0 0 0 0 1 1 1 0 1 0 0 0 1 0 0 0 1 1 1 1 0 0 0 0 1 0 0 1 0 0 1 0 0 1 1 1 1 0 0 1 0 0 1 0 0 1 0 0 0 0 0 0 0 0 1 0 0 0 0 1 1 0 1 1 1 1 0 0 0 1 0 0 1 1 0 1 0 0 0 1 0 0 0 1 1 1 0 0 0 1 0 0 1 1 0 1 0 1 0 0 0 1 1 0 0 0 1 0 1 1 0 0 1 0 0 1 0 1 0 1 0 1 1 1 1 0 0 0 1 1 0 0 0 1 1 0 0 1 1 0 1 1 0 0 0 1 1 1 0 1 1 0 1 0 0 0 1 0 1 1 1 1 0 1 1 0 1 1 0 1 1 1 0 0 1 0 0 1 0 0 1 0 0 1 1 0 0 1 0 1 1 0 0 0 0 1 0 0 1 1 0 0 1 1 0 1 1 1 0 1 0 1 0 1 1 0 0 0 0 0 1 1 0 1 0 0 0 0 0 0 1 0 0 1 1 1 1 1 0 0 1 1 1 0 0 0 0 0 1 1 0 1 1 1 1 1 0 0 1 1 1 0 0 0 0 1 0 1 0 1 1 1 1 1 0 1 1 0 0 0 1 0 1 0 0 1 0 0 1 0 0 0 1 1 0 0 1 0 1 0 0 1 0 0 0 0 0 1 0 0 1 1 1 0 0 0 1 1 
Summary
190 Buffet Groups and 242 Restaurant Groups (43.9815 % Buffet Groups)