
Interval Arrival Time Generator
Generated values: 1360 1267 1500 1522 1671 1407 1419 1612 1460 1346 1288 1404 1463 1569 1501 1498 1551 1447 1314 1654 1448 1432 1396 1642 1545 1523 1372 1446 1473 1344 1458 1383 1272 1672 1612 1375 1578 1512 1588 1463 1464 1319 1519 1445 1488 1425 1379 1524 1499 1542 1533 1419 1543 1553 1378 1485 1561 1406 1591 1480 1558 1627 1398 1585 1430 1466 1563 1272 1443 1504 1505 1687 1314 1622 1462 1574 1357 1636 1447 1516 1484 1659 1649 1420 1399 1563 1592 1560 1552 1481 1346 1546 1368 1295 1442 1472 1467 1477 1531 1456 1472 1365 1417 1411 1539 1508 1502 1500 1483 1452 1411 1692 1707 1467 1374 1538 1585 1673 1633 1535 1488 1436 1542 1576 1440 1437 1380 1487 1479 1651 1584 1437 1627 1572 1589 1568 1548 1700 1622 1437 1357 1515 1401 1507 1479 1469 1561 1699 1570 1656 1487 1326 1354 1651 1326 1512 1431 1523 1393 1596 1458 1500 1562 1557 1514 1395 1387 1408 1630 1633 1490 1417 1644 1505 1382 1538 1409 1769 1666 1528 1563 1333 1662 1474 1480 1412 1447 1464 1559 1700 1485 1366 1469 1320 1534 1689 1443 1521 1727 1481 1496 1426 1443 1394 1591 1627 1596 1471 1199 1485 1466 1511 1388 1397 1537 1355 1458 1528 1508 1448 1687 1578 1458 1551 1446 1541 1506 1414 1484 1531 1458 1558 1573 1461 1412 1465 1540 1512 1653 1604 1515 1472 1680 1641 1540 1494 1441 1465 1393 1437 1449 1447 1445 1341 1468 1357 1613 1314 1354 1621 1439 1415 1665 1506 1559 1589 1375 1224 1449 1531 1418 1427 1487 1205 1477 1313 1513 1608 1599 1363 1595 1526 1468 1726 1464 1629 1412 1488 1367 1419 1538 1630 1374 1644 1337 1543 1390 1489 1445 1513 1402 1443 1369 1467 1400 1444 1564 1508 1357 1572 1616 1371 1566 1457 1604 1523 1529 1459 1503 1386 1557 1600 1538 1600 1573 1497 1492 1430 1514 1517 1526 1564 1437 1472 1432 1422 1536 1405 1480 1461 1467 1638 1462 1705 1349 1446 1444 1407 1519 1422 1536 1468 1666 1440 1481 1521 1435 1397 1471 1578 1530 1504 1398 1396 1671 1359 1661 1574 1580 1543 1489 1354 1785 1425 1734 1678 1513 1421 1364 1480 1608 1354 1537 1436 1459 1498 1421 1470 1452 1521 1597 1447 1425 1378 1544 1352 1599 1489 1586 1392 1623 1491 1612 1452 1310 1449 1453 1397 1510 1539 1264 1620 1414 1450 1438 1597 
Summary
The average value of generated data: 1492.19
The variance value of generated data: 9993.78(99.9689^2)


Waiter Service Time Generator
Generated values: 747 2200 150 6366 1770 1170 1675 1825 9932 7630 2641 1910 2937 62 3544 671 1533 344 8017 2163 747 3591 7438 5241 668 3640 7346 2115 708 13456 3291 2763 3329 13070 4205 1488 11358 6181 3749 6348 8174 2917 11981 2213 4481 2733 6884 6971 5004 3339 205 1989 266 5553 7031 2199 751 13702 1620 1829 1292 1070 466 6043 870 950 36 312 2722 4124 343 7866 2561 926 1700 3132 1702 6857 4819 4929 3209 73 6113 7608 1533 2408 14 5209 2712 478 5356 3872 391 387 3618 398 14598 53 2579 2891 1324 3110 40 8104 8176 2280 3964 1174 4280 820 3719 2017 3040 12024 1441 9531 9262 8360 2260 4217 3700 207 247 5696 7368 2423 1054 3268 8296 14058 6672 1928 1377 5208 173 1373 3109 4065 430 2729 259 11160 7394 8241 2748 10009 6661 4517 4247 336 266 1208 4337 20954 6203 17066 910 6451 6602 3647 6337 1029 2351 3721 2649 335 1423 5197 6320 
Summary
The average value of generated data: 4018.83
The variance value of generated data: 1.36948e+07(3700.64^2)


Buffet Service Time Generator
Generated values: 1831 1682 1772 1680 2293 1824 1742 2034 1881 2152 1608 1914 1749 1958 1795 1738 2085 2040 1658 1951 1499 1620 1943 2012 2060 2192 1780 1828 1770 1815 2095 1710 2013 2280 1969 1957 1922 1875 2193 1832 1863 1924 1920 2011 2180 2006 2047 1699 2195 1517 1877 2077 1910 1865 1834 1733 1921 1588 1902 1863 2139 2364 2099 2083 1649 2064 1648 1805 2409 1954 1805 1859 1670 1987 1953 1646 1931 2031 1737 2058 1866 2049 1821 2063 1937 2452 1710 2085 2062 1724 1863 2201 1726 1928 1749 1849 1930 1672 1569 2270 2327 2135 1859 2074 2092 1979 1786 1748 1856 1879 1779 1784 1800 1619 1895 1821 2061 2073 1568 2231 2412 1869 1793 1878 1599 1871 1736 1662 2022 1681 2286 2031 1889 2325 2161 2148 1862 2030 1682 1533 2205 2130 2470 2055 1661 2086 1775 1373 2031 1694 1888 2012 1614 2059 1883 1782 1939 1969 1906 1853 2144 2161 2166 1779 2245 2168 1966 2069 2055 2257 2101 2039 1698 1508 2115 1836 2076 2133 1447 1788 1757 1491 1672 1879 1843 1569 1647 2012 1947 2226 2034 2056 1902 1991 2015 1804 2201 1820 1715 1937 2185 1964 1837 1977 1879 1912 2228 1850 2053 1898 1845 1934 2161 1924 1944 1791 2265 2034 1758 1903 1758 1797 1653 1894 2055 2161 2263 2257 1918 1922 1979 1682 1453 1674 2054 2041 2094 1919 1825 1925 2074 1980 1960 2035 1686 1984 2080 1987 
Summary
The average value of generated data: 1923.56
The variance value of generated data: 40992.9(202.467^2)


Cashier Service Time Generator
Generated values: 386 361 18 623 100 104 234 57 116 105 98 12 76 270 2 385 0 152 24 325 157 606 99 247 180 40 220 169 1361 147 232 579 54 155 266 104 36 195 104 831 25 142 342 16 431 138 76 18 91 169 71 20 73 41 210 47 64 473 195 309 441 217 364 591 174 254 152 76 386 62 322 588 50 602 100 58 53 319 146 20 107 159 150 50 157 185 796 117 59 12 771 117 70 185 60 220 320 78 33 3 170 419 47 284 261 33 15 7 199 2 94 57 333 312 784 1214 182 162 412 110 390 1029 233 22 112 41 62 22 168 125 246 101 35 259 670 41 20 638 5 630 249 196 629 13 266 204 461 612 200 180 345 9 5 13 111 88 7 137 176 367 71 288 369 73 51 604 201 80 62 199 1020 180 4 103 394 155 198 134 560 800 331 19 62 189 93 208 293 1 357 561 238 32 3 198 338 656 7 382 29 283 297 298 361 21 62 89 158 276 303 27 400 201 231 355 306 163 154 44 186 391 33 191 329 163 144 287 34 84 150 12 55 409 322 24 102 152 78 229 197 132 94 415 13 713 200 15 685 93 244 1136 59 9 565 531 601 20 78 810 403 6 176 329 218 177 381 50 194 47 15 28 140 648 25 60 579 43 968 190 254 27 946 203 1101 129 48 172 591 711 84 163 212 61 29 196 236 122 2 189 608 107 385 172 52 11 12 56 663 3 80 136 73 834 689 56 323 29 287 235 72 58 1 240 77 170 240 716 305 248 74 46 8 163 54 395 244 24 920 229 104 151 166 8 176 86 187 216 114 261 431 73 163 61 485 419 97 200 107 28 224 55 191 190 132 90 83 47 303 1210 118 117 205 182 712 113 114 547 6 218 99 146 84 452 28 128 83 426 279 1 301 53 108 127 80 90 111 99 730 123 410 247 159 411 89 23 75 724 84 36 55 266 257 409 624 46 4 156 298 
Summary
The average value of generated data: 225.743
The variance value of generated data: 54287.4(232.997^2)

Persons in Group Generator
Number of Persons in Groups: 1 1 1 1 1 1 1 1 1 1 1 1 1 1 1 1 1 1 1 1 1 1 1 1 1 1 1 1 1 1 1 1 1 1 1 1 1 1 1 1 1 1 1 1 1 1 1 2 2 2 2 2 2 2 2 2 2 2 2 2 2 2 2 2 2 2 2 2 2 2 2 2 2 2 2 2 2 2 2 2 2 2 2 2 2 2 2 2 2 2 2 2 2 2 2 2 2 2 2 2 2 2 2 2 2 2 2 2 2 2 2 2 2 2 2 2 2 2 2 2 2 2 2 2 2 2 2 2 2 2 2 2 2 2 2 2 2 2 2 2 2 2 2 2 2 2 2 2 2 2 2 2 2 2 2 2 2 2 2 2 2 2 2 2 2 2 2 2 2 2 2 2 2 2 2 2 2 2 2 2 2 2 2 2 2 2 2 2 2 2 2 2 2 2 3 3 3 3 3 3 3 3 3 3 3 3 3 3 3 3 3 3 3 3 3 3 3 3 3 3 3 3 3 3 3 3 3 3 3 3 3 3 3 3 3 3 3 3 3 3 3 3 3 3 3 3 3 3 3 3 3 3 3 3 3 3 3 3 3 3 3 3 3 3 3 3 3 3 3 3 3 3 3 3 3 3 3 3 3 3 3 3 3 3 3 3 3 3 3 3 3 3 3 3 3 3 3 3 3 3 3 3 3 3 3 3 3 3 3 3 3 3 3 3 3 3 3 3 3 3 3 3 3 3 3 3 3 3 3 3 3 3 4 4 4 4 4 4 4 4 4 4 4 4 4 4 4 4 4 4 4 4 4 4 4 4 4 4 4 4 4 4 4 4 4 4 4 4 4 4 4 4 4 4 4 4 4 4 4 4 4 4 4 4 4 4 4 4 4 4 4 4 4 4 4 4 4 4 4 4 4 4 4 4 4 4 4 4 4 4 4 4 4 4 4 4 4 
Summary
1 persons group: 47 groups (11.271 %)
2 persons group: 147 groups (35.2518 %)
3 persons group: 138 groups (33.0935 %)
4 persons group: 85 groups (20.3837 %)

Buffet Type Customer Group Generator 
Type of Customer Groups (1 - Buffet, 0 - Restaurant): 1 1 1 1 1 1 1 0 1 0 1 1 0 1 0 0 0 1 1 1 0 1 1 0 0 1 1 1 0 0 1 0 1 1 0 0 0 1 1 1 0 1 1 1 1 0 1 0 1 1 1 1 1 0 1 1 0 1 1 1 1 0 0 1 0 1 0 0 1 1 1 1 1 1 1 0 1 1 1 1 0 0 1 1 0 0 1 1 1 0 0 0 0 1 1 0 1 1 1 1 0 1 1 1 1 1 0 0 0 1 0 0 0 0 1 0 0 1 1 1 1 1 0 0 1 0 1 1 1 0 1 1 0 0 1 1 0 1 1 0 1 0 1 1 1 1 1 1 0 1 0 1 0 0 0 0 1 0 0 1 1 0 0 0 1 0 1 1 0 0 1 0 1 1 0 1 1 0 0 0 0 1 1 0 0 1 1 1 1 1 1 0 0 1 1 0 0 1 1 1 1 0 0 0 1 1 0 0 0 0 0 0 1 0 1 1 1 1 0 0 0 1 0 1 1 0 0 1 1 1 1 1 0 0 0 1 1 1 0 0 1 0 0 1 1 1 0 1 0 1 1 1 1 0 0 1 1 1 1 1 1 1 1 1 0 0 1 0 1 1 1 1 1 1 0 1 0 1 1 1 0 1 1 0 1 1 1 1 1 1 1 1 0 0 1 0 0 0 0 1 1 1 0 0 1 0 1 0 0 1 1 0 1 1 1 0 1 1 1 0 1 0 1 0 0 0 1 1 1 1 1 1 1 0 0 1 1 1 1 1 1 1 0 0 0 1 0 0 1 1 1 0 1 1 1 1 1 0 1 0 0 1 1 1 1 1 0 0 0 0 1 0 0 1 1 0 0 0 1 0 1 1 0 1 1 1 1 1 0 1 1 1 0 0 1 1 0 1 0 0 0 1 0 1 1 0 0 0 0 1 1 1 0 0 1 0 1 
Summary
248 Buffet Groups and 169 Restaurant Groups (59.4724 % Buffet Groups)