
Interval Arrival Time Generator
Generated values: 582 560 527 594 527 529 613 549 565 624 700 694 512 560 560 608 646 581 639 714 589 593 684 595 626 640 636 610 593 626 559 591 600 699 617 563 671 557 603 671 558 510 565 659 560 552 737 606 508 563 560 638 531 615 553 543 571 551 725 534 620 642 602 613 665 692 516 549 596 590 508 637 493 629 631 642 617 585 561 653 640 664 718 626 558 788 569 652 507 686 515 637 653 627 601 607 626 584 561 535 642 712 599 595 623 508 593 650 519 589 565 598 609 662 582 678 630 553 607 563 587 605 600 607 638 664 732 650 659 602 662 625 605 576 634 648 612 560 633 487 618 589 591 657 424 650 632 654 655 629 550 630 555 592 617 580 651 606 661 591 575 677 718 590 670 629 493 637 665 564 668 591 538 679 558 687 538 632 522 539 585 603 560 582 612 652 636 558 564 488 613 609 517 526 537 583 521 554 695 600 522 665 674 600 670 653 621 596 579 595 659 632 627 563 659 566 676 576 550 664 533 587 566 681 621 717 660 535 748 535 699 617 602 617 545 584 674 565 587 736 594 568 558 626 455 584 616 538 611 565 593 627 562 636 713 648 689 648 611 703 672 620 569 612 638 554 602 522 571 549 505 641 645 635 639 503 577 617 461 620 620 563 512 566 655 647 661 506 588 636 618 552 546 655 591 408 507 565 577 534 655 704 665 611 658 589 584 640 504 564 515 536 584 611 538 413 687 617 632 496 683 759 654 685 576 635 504 657 547 585 533 756 517 592 581 690 481 607 614 538 667 617 567 687 502 475 567 604 558 663 602 632 561 457 532 563 575 674 602 510 632 576 665 516 683 594 601 639 744 636 625 534 576 552 625 452 556 486 544 608 511 656 544 588 674 600 554 591 704 626 677 649 479 615 537 579 551 648 523 584 611 616 642 705 683 540 750 649 632 607 565 591 593 650 604 522 534 652 650 561 558 701 587 634 590 590 709 655 775 591 647 
Summary
The average value of generated data: 602.09
The variance value of generated data: 3762.62(61.3402^2)


Waiter Service Time Generator
Generated values: 26048 4366 510 11983 8819 4397 2852 7985 19061 8038 822 4468 3132 4220 23686 3276 15744 361 16927 11308 2001 7243 156 10671 4001 488 4693 93 2922 1431 597 221 2231 12344 7032 5209 20942 15300 1694 2836 7241 785 12758 20829 999 6940 4804 12024 12142 1461 6577 25325 10637 1805 1349 5280 7497 828 2293 2089 7693 4976 8142 4970 183 1180 8147 1477 2236 2500 4983 216 2453 354 2971 6070 4031 2287 9184 24087 2751 199 13959 11450 2379 643 10726 2888 7141 8490 408 82 5927 14 12739 109 8511 184 8887 90 9065 3892 1145 11065 4001 2601 2921 6578 3298 4941 1176 15617 6106 3628 4069 985 7154 532 4155 3385 11123 130 4015 1687 7512 3257 997 10026 927 3423 2809 979 8738 5582 4152 6836 4763 318 4377 4711 734 712 2359 1803 5645 16411 5432 1404 7162 654 6470 11451 9141 14886 11034 6575 330 17934 1847 637 417 6193 6296 2035 7319 7039 2625 3412 2719 75 12628 1440 3669 1831 3609 7170 23221 3730 141 15718 3276 69 7621 10124 10743 14908 3479 7104 7675 1618 10501 7462 9508 20 13959 13339 2551 4553 2882 708 3902 5080 1332 940 1866 5282 8828 2711 10662 4520 2066 3168 3290 7034 6057 9628 1765 2274 2228 3291 774 2720 9988 103 1111 1719 3809 2132 3685 903 1616 4721 271 4112 202 306 16777 2493 1250 
Summary
The average value of generated data: 5492.84
The variance value of generated data: 2.8124e+07(5303.21^2)


Buffet Service Time Generator
Generated values: 7264 6625 6643 6100 6426 7254 5605 5926 5880 6064 6810 5530 5538 6426 6808 6108 6090 5851 6414 5999 6777 5918 5947 5888 7058 6085 6219 6643 6210 6886 5130 6443 5978 5973 6046 6977 5625 6601 6016 6105 6805 6122 6201 5771 7046 6691 7258 5773 5728 6136 6292 5465 6723 6743 6523 6334 6284 6378 7034 5799 6149 6039 6994 5947 6047 6355 5902 6593 6426 6855 5479 6125 6256 7181 6129 6399 6744 5953 6444 6364 6672 5628 5906 6284 6945 6633 5559 6345 6098 7084 5979 6277 7052 6271 4945 6908 6427 5550 5802 5833 6199 5509 6309 6227 6457 5797 5500 6694 5934 5741 5287 6246 6046 6271 5872 6810 6057 6597 5498 6551 6200 5401 6612 6090 6876 5857 6013 6880 7129 6760 6215 6091 6072 5188 6018 6022 6768 5602 6823 6485 6576 5959 7175 6281 6469 6282 6730 6672 6774 5738 5185 6285 6741 6370 5927 6235 7107 6891 8007 7057 5773 5341 6139 5343 6387 7168 6746 7052 6064 5836 5904 6334 6141 5568 6467 6194 6879 5535 6272 5843 5600 6650 6892 6038 6594 6435 6335 6169 6339 4876 5006 5873 5296 
Summary
The average value of generated data: 6247.8
The variance value of generated data: 275174(524.571^2)


Cashier Service Time Generator
Generated values: 912 958 635 231 10 640 778 404 1361 256 480 887 115 117 852 418 196 112 24 2 481 210 133 68 340 288 122 17 436 349 37 24 274 247 528 66 240 82 202 32 925 398 261 1199 40 222 437 547 488 1325 127 117 238 132 118 290 304 606 231 156 14 184 308 54 3 222 59 490 77 60 204 219 274 130 218 560 267 451 248 200 66 28 51 108 77 18 99 462 381 456 626 27 355 277 417 92 157 50 11 426 83 32 675 2 26 221 4 21 136 723 25 511 173 102 43 256 120 484 16 79 90 418 13 118 125 328 4 36 64 162 50 48 942 39 30 364 296 41 723 83 416 232 483 237 465 83 7 324 488 166 516 263 37 392 573 332 1106 89 378 554 8 283 3 496 171 64 656 34 129 8 489 84 61 39 15 154 971 51 52 595 145 102 254 185 198 35 396 70 287 32 932 219 232 391 56 12 19 427 718 74 673 85 10 229 54 141 426 361 2 59 242 101 55 521 544 43 67 57 0 1916 37 421 581 251 669 3 147 301 27 358 463 412 386 21 16 189 36 387 263 96 334 348 20 932 13 54 244 314 650 38 200 11 831 295 250 960 46 49 65 190 56 460 145 100 312 466 152 156 266 266 94 270 231 18 18 454 58 18 55 955 104 30 6 676 664 695 35 16 249 769 378 719 172 165 32 98 615 258 465 40 343 178 44 324 60 0 116 285 182 88 127 64 76 247 297 56 446 537 105 103 37 143 40 22 217 161 255 40 553 228 197 564 554 153 519 212 90 32 3 71 166 47 37 205 619 1 54 389 189 698 456 60 153 67 1339 621 29 577 3 566 29 77 297 234 296 203 121 157 54 60 152 426 37 517 69 160 371 315 108 136 379 114 15 88 127 27 157 66 99 119 238 16 821 188 101 47 32 148 87 74 795 272 525 228 276 61 449 284 475 44 294 402 184 564 255 570 176 225 457 149 391 227 95 218 317 4 453 190 561 178 79 492 
Summary
The average value of generated data: 259.426
The variance value of generated data: 68633.2(261.979^2)

Persons in Group Generator
Number of Persons in Groups: 1 1 1 1 1 1 1 1 1 1 1 1 1 1 1 1 1 1 1 1 1 1 1 1 1 1 1 1 1 1 1 1 1 1 1 1 1 1 1 1 1 1 1 1 1 1 1 1 1 1 1 2 2 2 2 2 2 2 2 2 2 2 2 2 2 2 2 2 2 2 2 2 2 2 2 2 2 2 2 2 2 2 2 2 2 2 2 2 2 2 2 2 2 2 2 2 2 2 2 2 2 2 2 2 2 2 2 2 2 2 2 2 2 2 2 2 2 2 2 2 2 2 2 2 2 2 2 2 2 2 2 2 2 2 2 2 2 2 2 2 2 2 2 2 2 2 2 2 2 2 2 2 2 2 2 2 2 2 2 2 2 2 2 2 2 2 2 2 2 2 2 2 2 2 2 2 2 2 2 2 2 2 2 2 2 3 3 3 3 3 3 3 3 3 3 3 3 3 3 3 3 3 3 3 3 3 3 3 3 3 3 3 3 3 3 3 3 3 3 3 3 3 3 3 3 3 3 3 3 3 3 3 3 3 3 3 3 3 3 3 3 3 3 3 3 3 3 3 3 3 3 3 3 3 3 3 3 3 3 3 3 3 3 3 3 3 3 3 3 3 3 3 3 3 3 3 3 3 3 3 3 3 3 3 3 3 3 3 3 3 3 3 3 3 3 3 3 3 3 3 3 3 3 3 3 3 3 3 3 3 3 3 3 3 3 3 3 3 3 3 3 3 3 3 3 3 3 3 3 4 4 4 4 4 4 4 4 4 4 4 4 4 4 4 4 4 4 4 4 4 4 4 4 4 4 4 4 4 4 4 4 4 4 4 4 4 4 4 4 4 4 4 4 4 4 4 4 4 4 4 4 4 4 4 4 4 4 4 4 4 4 4 4 4 4 4 4 4 4 4 4 4 4 4 4 4 4 4 4 4 4 4 4 4 4 4 4 4 4 4 4 4 4 4 4 4 4 4 4 4 4 4 
Summary
1 persons group: 51 groups (11.8056 %)
2 persons group: 134 groups (31.0185 %)
3 persons group: 144 groups (33.3333 %)
4 persons group: 103 groups (23.8426 %)

Buffet Type Customer Group Generator 
Type of Customer Groups (1 - Buffet, 0 - Restaurant): 1 0 1 1 1 1 0 0 0 0 1 0 0 0 1 0 0 1 0 1 0 0 0 1 0 0 0 1 1 0 0 0 0 1 0 0 1 1 1 1 1 0 0 1 1 0 1 1 1 1 0 1 0 1 0 0 0 0 0 0 1 1 1 0 0 1 1 0 0 0 1 0 1 0 1 1 1 0 1 1 0 1 0 1 1 1 0 0 1 0 1 0 0 1 0 0 0 0 1 1 0 1 0 0 0 1 0 1 1 0 0 1 1 0 1 0 1 0 0 1 0 1 0 0 0 1 0 1 1 1 0 1 1 0 0 1 0 1 1 1 0 0 0 1 1 1 1 1 1 1 1 0 0 1 1 0 0 1 0 1 1 1 0 0 0 0 0 0 1 0 1 0 0 1 1 1 0 1 1 0 0 0 0 1 0 1 0 0 1 0 0 0 0 0 0 0 1 0 0 0 0 0 0 1 0 1 0 0 1 0 0 0 0 1 0 1 1 1 1 0 0 1 1 0 1 1 1 1 1 0 0 1 1 1 0 1 1 1 0 0 1 0 1 0 1 1 0 1 1 0 0 1 0 0 0 1 1 0 0 0 0 0 0 0 0 0 1 1 0 0 0 1 1 0 0 1 0 1 0 1 0 0 1 1 0 1 0 1 0 0 1 1 1 1 1 0 1 0 0 0 0 1 0 1 1 0 0 0 0 0 0 1 0 0 0 0 0 1 0 1 0 1 0 1 1 0 1 0 0 0 1 1 0 1 0 1 1 0 0 1 0 1 1 0 1 1 1 0 1 0 0 0 0 0 0 0 0 0 0 0 0 0 1 1 1 1 0 1 1 1 0 0 1 1 1 1 1 1 0 0 0 1 0 0 0 1 0 0 0 0 0 1 1 0 0 0 0 1 0 0 0 0 1 1 0 1 1 1 0 0 0 1 0 0 0 1 1 1 1 0 0 1 1 1 0 0 0 0 0 1 0 0 0 
Summary
193 Buffet Groups and 240 Restaurant Groups (44.5727 % Buffet Groups)