
Interval Arrival Time Generator
Generated values: 535 595 529 679 552 548 598 574 535 572 653 580 585 571 672 619 658 644 568 618 549 665 717 568 560 544 603 709 636 483 554 547 634 570 613 594 555 601 643 544 725 623 648 640 705 555 666 572 636 524 582 482 637 556 649 663 619 579 602 479 651 591 573 564 528 435 580 581 663 554 661 494 573 668 599 638 642 616 606 571 607 579 635 566 501 573 664 589 599 591 606 525 513 684 518 623 501 564 687 610 619 586 667 664 646 603 599 610 629 618 576 631 554 473 672 607 666 733 539 611 616 528 616 644 796 704 546 634 698 508 623 576 537 651 600 573 630 534 530 668 691 567 610 521 677 623 676 570 626 616 573 620 731 667 666 585 598 674 553 661 473 652 602 665 638 686 625 600 550 717 671 609 582 626 516 534 566 706 583 536 599 630 588 565 596 656 754 542 587 543 613 651 584 548 660 652 480 588 586 537 698 542 629 667 642 447 557 590 594 486 600 639 671 487 643 538 620 608 707 572 575 582 690 544 575 522 662 667 656 453 506 608 551 644 536 589 595 622 602 622 644 603 559 534 781 541 636 499 643 618 585 587 569 615 664 458 574 675 621 579 543 609 609 654 485 560 574 629 544 547 576 661 580 597 526 598 575 647 662 626 515 545 645 568 627 663 598 653 608 659 595 643 609 633 559 628 500 474 613 534 558 557 718 582 576 622 480 585 665 656 657 578 582 467 651 548 653 705 680 637 523 650 639 654 560 551 647 640 624 545 570 628 605 602 550 474 541 586 504 567 644 715 588 621 682 588 537 506 597 600 662 636 480 611 568 645 596 599 538 651 572 604 628 575 692 568 628 653 651 654 644 531 649 672 633 663 566 485 528 543 599 508 548 655 670 633 679 625 561 561 635 676 551 589 551 610 561 628 630 629 626 606 558 617 628 556 627 618 587 511 669 565 593 561 519 631 693 673 538 536 564 563 556 730 563 655 574 641 587 650 566 580 
Summary
The average value of generated data: 600.021
The variance value of generated data: 3427.96(58.5487^2)


Waiter Service Time Generator
Generated values: 924 3074 4312 14568 1643 17919 4489 2384 2607 2251 2476 432 843 336 3145 13605 4752 3499 12143 4310 4290 13617 7231 5042 1580 1279 2420 10186 6661 14649 3661 1060 4409 1567 14086 2281 4506 3072 7668 3491 1970 8902 1237 3833 4791 7458 3587 4861 2367 2900 2272 425 804 9722 8871 4230 5961 4524 1336 4391 1244 4842 4080 14326 6281 6648 652 998 1238 443 982 3519 1958 11911 11222 4681 2994 368 2071 5293 1678 19860 9515 5285 269 2432 136 20179 2842 3337 9542 1553 2614 127 482 7105 524 6829 540 2863 11053 2783 691 1791 2930 2060 526 4938 12660 1416 105 4005 11717 5750 7486 289 6939 194 177 288 3555 1142 963 80 9517 4330 7051 12650 642 7681 3551 7836 7850 2305 8037 1492 5582 1651 1703 3845 2748 25639 1129 2535 5909 17485 4198 4075 286 6213 7764 447 5166 94 6262 6274 4978 5292 8424 9909 2792 6274 3180 106 9189 10077 10070 7663 6197 97 1138 2945 12 12155 2058 2856 1489 725 716 649 1234 988 4240 906 7095 6844 1033 1475 3256 3457 7032 7172 5072 4606 6367 2085 7621 14009 79 3938 7060 2043 12724 3781 895 3546 24299 2261 2505 4871 3767 7020 3684 1007 4822 273 9391 4682 9340 4841 1529 1335 3476 1393 2530 4815 458 4238 18570 7483 9748 2556 17064 
Summary
The average value of generated data: 4855.64
The variance value of generated data: 2.09018e+07(4571.85^2)


Buffet Service Time Generator
Generated values: 6022 6214 5855 6597 5591 6193 6531 5672 6244 5766 5883 6506 5771 6405 6329 5613 5654 5422 6856 6529 6245 5909 6801 6692 5371 6154 5872 6117 7048 5962 6719 6052 6453 6303 5104 6841 7033 5188 6020 6536 6101 6414 6582 6166 6297 6406 5239 6224 6602 5798 5661 5460 5973 5971 5977 6214 6667 6265 6414 5802 6078 6264 5920 5167 6454 6784 6077 6290 6913 6462 6184 6130 6246 6336 6414 5575 6769 5780 5938 5775 5734 6161 5940 6476 6343 5556 6185 6464 6419 6102 6240 6158 6321 6394 6614 6516 6550 5902 6325 5542 6333 5737 5223 5932 5647 6296 6296 5378 5623 6449 5446 6774 6004 6507 5722 5625 6458 5405 4935 6411 5810 5932 6413 6271 6128 6245 5788 5901 6206 5756 5747 6640 5503 6373 5800 5655 5579 6642 5136 5803 5407 6076 6898 5910 6181 6493 6579 6477 6063 5864 6104 4974 5982 5656 6000 6621 5506 6719 6048 6878 5862 5753 6936 5846 6338 6063 6832 6718 6176 5716 5969 5953 5605 6863 6593 7355 6386 6272 6345 5478 6197 7355 6632 6173 6528 6330 5895 6161 6314 6792 5801 6210 5662 6657 5890 6197 6540 6777 5833 6403 
Summary
The average value of generated data: 6135.88
The variance value of generated data: 204466(452.179^2)


Cashier Service Time Generator
Generated values: 91 46 459 204 102 49 367 178 76 97 237 323 259 434 130 515 183 697 315 224 240 199 134 24 16 444 60 179 119 318 225 589 266 366 191 180 417 285 52 186 304 418 78 509 374 108 71 158 44 400 183 306 370 204 296 468 1030 279 73 834 157 336 116 217 1169 710 656 25 143 260 523 0 230 303 632 127 211 149 122 97 269 321 380 349 145 396 375 86 371 563 440 163 54 6 166 33 963 50 63 135 31 98 23 985 254 78 45 161 1013 11 491 37 242 246 347 407 317 585 489 107 25 14 360 1234 82 28 72 140 56 771 56 61 193 157 349 170 112 12 181 164 7 278 492 192 439 256 38 69 512 379 367 116 163 631 249 156 116 129 312 234 124 444 371 33 226 495 80 758 275 885 167 287 165 147 174 283 33 102 22 547 6 236 42 177 523 37 231 411 238 135 439 777 203 190 361 469 55 125 140 182 124 435 192 117 18 415 65 52 146 55 293 274 16 470 154 14 455 138 152 194 203 61 444 145 92 735 6 1157 44 156 106 74 182 65 202 32 54 58 360 794 172 182 145 267 1135 20 2 166 517 20 152 59 44 39 441 232 200 452 41 48 0 159 289 145 512 38 94 118 31 71 146 468 8 90 105 113 332 35 363 231 16 258 95 614 179 62 544 180 613 73 778 14 149 113 85 83 6 206 357 230 85 173 211 588 286 396 87 581 96 5 133 821 1451 117 556 433 298 35 671 678 61 537 3 468 372 212 0 35 946 5 28 548 37 259 54 232 23 2 219 722 44 278 275 29 191 558 513 23 7 30 307 311 574 128 233 184 123 417 38 132 230 356 182 196 54 182 182 640 1161 113 111 284 34 78 254 282 203 17 276 329 952 111 1571 330 241 5 266 274 523 480 29 162 89 115 164 159 199 100 359 175 28 263 312 531 3 139 946 10 400 247 158 10 118 323 210 176 99 374 5 132 98 123 290 39 14 316 603 61 500 520 223 12 59 
Summary
The average value of generated data: 254.464
The variance value of generated data: 60571.7(246.113^2)

Persons in Group Generator
Number of Persons in Groups: 1 1 1 1 1 1 1 1 1 1 1 1 1 1 1 1 1 1 1 1 1 1 1 1 1 1 1 1 1 1 1 1 1 1 1 1 1 1 1 1 1 1 1 1 1 2 2 2 2 2 2 2 2 2 2 2 2 2 2 2 2 2 2 2 2 2 2 2 2 2 2 2 2 2 2 2 2 2 2 2 2 2 2 2 2 2 2 2 2 2 2 2 2 2 2 2 2 2 2 2 2 2 2 2 2 2 2 2 2 2 2 2 2 2 2 2 2 2 2 2 2 2 2 2 2 2 2 2 2 2 2 2 2 2 2 2 2 2 2 2 2 2 2 2 2 2 2 2 2 2 2 2 2 2 2 2 2 2 2 2 2 2 2 2 2 2 2 2 2 2 2 2 2 2 2 2 2 2 2 2 2 2 2 2 2 2 2 2 2 2 2 2 2 2 3 3 3 3 3 3 3 3 3 3 3 3 3 3 3 3 3 3 3 3 3 3 3 3 3 3 3 3 3 3 3 3 3 3 3 3 3 3 3 3 3 3 3 3 3 3 3 3 3 3 3 3 3 3 3 3 3 3 3 3 3 3 3 3 3 3 3 3 3 3 3 3 3 3 3 3 3 3 3 3 3 3 3 3 3 3 3 3 3 3 3 3 3 3 3 3 3 3 3 3 3 3 3 3 3 3 3 3 3 3 3 3 3 3 3 3 3 3 3 3 3 3 3 3 3 3 3 3 3 3 3 3 3 3 3 3 3 3 3 3 3 3 3 3 3 3 3 3 3 3 4 4 4 4 4 4 4 4 4 4 4 4 4 4 4 4 4 4 4 4 4 4 4 4 4 4 4 4 4 4 4 4 4 4 4 4 4 4 4 4 4 4 4 4 4 4 4 4 4 4 4 4 4 4 4 4 4 4 4 4 4 4 4 4 4 4 4 4 4 4 4 4 4 4 4 4 4 4 4 4 4 4 4 4 4 4 4 4 4 
Summary
1 persons group: 45 groups (10.3926 %)
2 persons group: 149 groups (34.4111 %)
3 persons group: 150 groups (34.642 %)
4 persons group: 89 groups (20.5543 %)

Buffet Type Customer Group Generator 
Type of Customer Groups (1 - Buffet, 0 - Restaurant): 0 1 1 1 1 0 0 0 1 0 1 1 1 0 1 0 0 0 0 0 1 1 0 0 1 0 0 1 0 0 1 0 0 1 1 0 1 1 0 0 1 0 1 1 0 1 1 1 1 1 0 1 1 1 0 0 0 0 0 0 0 0 1 1 1 0 1 0 1 0 1 0 0 1 1 0 0 1 0 1 0 0 1 1 0 1 1 1 1 0 1 0 0 0 0 0 0 0 0 0 0 1 0 0 1 0 1 1 1 0 1 1 0 0 1 1 1 1 1 0 1 0 0 0 0 1 0 1 0 0 0 0 1 0 0 1 0 0 0 0 1 0 0 0 1 1 0 0 0 0 0 0 1 0 1 0 0 0 0 1 0 0 1 1 1 1 0 0 0 1 1 0 0 1 0 0 1 1 0 0 0 1 0 1 1 1 0 1 1 0 0 0 0 0 0 0 1 1 1 0 0 1 0 1 0 0 1 0 0 1 0 0 1 0 0 1 0 1 0 0 1 1 0 0 1 0 0 1 1 0 1 0 0 1 1 0 1 0 1 0 1 0 0 1 0 1 0 1 0 0 0 1 0 1 1 0 1 1 0 1 1 0 0 0 1 0 1 0 0 1 0 0 0 1 1 1 1 1 0 0 1 1 1 1 0 0 1 1 1 0 0 1 0 0 0 0 1 1 1 0 0 0 1 0 1 0 0 1 1 0 1 0 0 1 1 1 1 1 0 1 0 1 0 1 1 1 1 0 1 0 0 0 0 1 1 1 1 1 0 1 0 0 0 1 0 1 0 1 1 1 1 0 0 0 1 1 1 0 1 1 1 1 0 1 1 0 0 1 0 1 1 0 1 1 1 0 0 0 0 1 0 0 0 0 0 0 0 0 0 1 1 1 1 0 0 0 1 1 0 0 1 1 0 0 1 1 1 1 1 0 0 0 0 1 0 0 1 0 1 0 0 1 1 0 0 0 0 0 1 0 1 1 0 0 
Summary
200 Buffet Groups and 234 Restaurant Groups (46.0829 % Buffet Groups)