
Interval Arrival Time Generator
Generated values: 499 590 506 600 628 486 595 530 638 651 561 696 537 571 518 491 595 573 521 503 630 629 472 646 593 503 696 514 511 544 365 563 606 605 548 736 708 634 421 607 528 528 590 578 663 634 632 536 583 520 472 676 580 477 552 489 513 561 629 557 635 546 532 515 499 607 604 557 600 660 629 657 632 560 557 510 542 696 677 639 544 555 630 699 497 641 633 581 594 549 642 683 595 689 631 564 563 532 548 641 561 641 630 598 608 606 644 553 572 518 498 612 520 668 533 574 503 659 585 550 630 495 520 502 653 545 624 464 662 527 553 747 728 576 547 640 506 558 646 563 573 611 593 625 587 628 576 721 554 637 586 528 568 453 598 585 555 704 672 614 545 645 582 593 647 511 632 638 632 589 582 677 535 663 611 611 515 515 655 428 601 556 572 647 532 664 564 513 603 541 536 625 680 664 605 739 645 628 559 533 676 661 637 582 598 600 579 511 557 615 553 625 547 694 634 626 659 595 514 655 516 569 551 636 540 676 553 517 552 625 511 681 490 531 637 528 546 547 697 631 588 534 658 656 539 552 577 559 636 646 589 560 588 593 625 528 610 653 600 626 616 624 643 682 672 575 572 697 550 581 690 614 626 614 628 636 614 673 589 394 513 585 563 663 660 566 623 567 556 473 675 546 565 665 666 532 604 597 683 674 688 557 495 627 564 526 694 638 570 642 571 578 501 610 606 707 586 630 590 601 605 494 603 619 623 614 730 599 591 598 572 663 648 587 611 623 599 626 630 602 577 638 595 612 639 589 620 617 601 696 487 674 550 544 629 726 475 599 731 628 623 605 593 599 657 667 583 600 621 613 605 575 562 557 648 636 598 599 674 547 571 506 560 566 574 563 618 677 556 557 636 443 574 675 600 587 608 626 659 670 549 617 581 616 690 691 607 597 624 632 684 671 580 586 540 622 580 640 655 646 692 591 643 641 579 660 610 716 593 609 648 698 519 628 624 
Summary
The average value of generated data: 595.885
The variance value of generated data: 3668.89(60.5713^2)


Waiter Service Time Generator
Generated values: 16860 1679 5839 4296 11221 2351 938 57 7388 1059 1764 1025 783 3865 2721 2106 8315 1843 4059 25032 5636 4774 10346 3500 4576 7228 9829 7207 14077 1665 3155 14133 1900 367 1591 54 2107 22328 75 36369 3021 441 5879 4586 2742 73 11106 203 6824 1970 8700 5547 15820 1508 1308 732 199 3438 678 1120 12557 1572 12952 345 13148 199 22177 14285 3341 12826 1410 894 993 4483 2641 642 430 15509 741 805 2798 3791 2304 13970 3851 4797 17190 27420 613 1862 151 2349 1641 5318 2535 1165 9323 4849 1217 4294 2589 18648 10455 7562 3826 2888 21294 72 2681 3940 6452 2243 2365 1874 18037 1925 4437 20487 6518 1082 2349 570 1597 2441 2633 11975 14375 5069 12508 532 1542 3186 24258 10643 2080 4330 6533 862 1700 33791 14165 6152 14706 6583 3319 3736 104 2417 3384 80 983 387 2621 8382 2678 1070 5698 7597 4427 6542 2382 20516 9622 902 16280 1118 2106 2026 25 11822 3952 2848 1081 3556 2701 5628 4553 3600 6791 3564 3135 3841 4071 442 216 348 11171 2887 256 3198 2216 7972 3612 3045 4059 394 14782 3679 6676 569 1896 3241 1338 3988 23527 9809 14267 1784 9553 1316 5096 7004 9330 6133 5093 598 3228 11308 2101 14583 3654 8309 11612 22046 7654 10170 14457 11155 15411 380 1339 831 915 417 3538 1507 18177 1344 
Summary
The average value of generated data: 5842.57
The variance value of generated data: 4.08017e+07(6387.62^2)


Buffet Service Time Generator
Generated values: 5770 5692 6298 6599 6420 6577 6136 6610 5192 7024 6360 6129 6473 5486 4984 6756 5821 6822 7280 7135 5579 5726 6053 5923 6693 6245 7057 5316 6703 5954 5984 6450 6080 6695 5424 5258 6174 6773 6014 5641 5813 6939 5506 6361 6502 6321 5630 5313 6434 5323 5886 6575 6785 5933 6883 5502 6752 5379 6219 6985 6314 6481 6037 6018 5224 6239 6297 6262 5287 6460 6205 5729 5823 6583 6892 6465 6682 6539 6691 5894 6319 5612 6264 5971 5780 5809 5422 6411 5374 6929 6077 6277 7357 5694 6382 6716 6043 6533 6408 7147 7053 6898 7293 6072 6496 6286 6111 6719 6235 6242 6044 7165 6365 5376 6237 6326 6866 5939 5808 5519 6264 6284 5619 6105 6375 5840 6858 5494 5627 5955 6309 5232 6510 5364 6197 5776 6137 5801 6715 7153 5932 5486 6567 6330 6291 6331 6284 6595 5916 6721 5603 5543 5838 6470 5956 6472 6452 6420 6356 6022 6357 6290 6028 6029 6395 6705 5482 5574 5957 6168 6451 7138 6479 6027 5628 6361 6117 5770 6580 6656 6399 6717 5504 5513 7019 5888 6029 7130 7153 5975 6128 6307 6179 6648 6947 6102 5871 7153 
Summary
The average value of generated data: 6212.62
The variance value of generated data: 257568(507.511^2)


Cashier Service Time Generator
Generated values: 166 60 58 3 874 373 142 391 145 589 346 175 375 1085 91 55 112 79 176 182 1469 1223 68 189 1 409 190 42 70 125 329 123 10 1411 305 261 118 415 137 170 406 20 169 191 679 9 95 333 410 38 144 198 322 566 34 14 131 35 163 28 46 214 34 148 238 69 39 200 1467 168 110 71 23 234 136 200 251 19 191 648 381 265 269 43 10 134 91 215 157 97 88 163 691 863 504 525 113 412 427 296 82 23 211 588 114 225 181 119 194 37 42 364 316 511 326 147 51 99 480 3 126 426 71 366 56 158 209 170 127 223 109 146 224 408 629 436 289 34 255 24 123 54 217 179 146 17 34 37 675 411 508 136 48 83 257 19 70 684 75 635 38 232 339 64 3 179 263 239 527 138 175 352 15 402 100 82 417 125 597 268 285 84 11 71 189 85 888 318 384 552 502 970 239 1091 261 76 4 432 80 9 36 524 351 47 307 203 306 357 6 563 513 141 353 23 201 369 86 144 309 169 58 122 315 632 195 71 191 152 253 94 392 327 305 0 42 203 5 175 180 179 123 327 369 955 114 21 39 210 381 96 134 73 73 0 371 147 838 101 320 1117 160 61 200 55 252 863 340 252 50 152 531 1821 157 264 166 71 35 90 801 226 153 284 211 1339 407 158 439 332 648 692 665 39 447 110 459 632 376 300 108 308 181 37 129 146 340 55 76 122 194 1328 98 57 1 676 52 101 648 693 423 409 12 82 359 181 31 327 131 267 2 577 32 84 125 13 34 136 59 868 637 435 305 60 5 112 305 389 49 303 14 38 15 10 368 100 97 554 85 205 21 139 511 58 205 192 64 467 462 532 760 68 188 272 386 7 80 698 680 99 94 635 259 300 160 150 35 156 449 339 75 712 818 33 153 110 380 240 11 139 272 794 139 27 385 4 778 485 285 45 238 18 240 4 369 257 694 206 257 218 26 47 5 1019 288 81 348 124 10 311 308 50 484 6 550 38 493 576 
Summary
The average value of generated data: 263.807
The variance value of generated data: 72049.6(268.42^2)

Persons in Group Generator
Number of Persons in Groups: 1 1 1 1 1 1 1 1 1 1 1 1 1 1 1 1 1 1 1 1 1 1 1 1 1 1 1 1 1 1 1 1 1 1 1 1 1 1 1 1 1 1 1 1 1 1 1 1 1 1 1 1 1 1 1 1 2 2 2 2 2 2 2 2 2 2 2 2 2 2 2 2 2 2 2 2 2 2 2 2 2 2 2 2 2 2 2 2 2 2 2 2 2 2 2 2 2 2 2 2 2 2 2 2 2 2 2 2 2 2 2 2 2 2 2 2 2 2 2 2 2 2 2 2 2 2 2 2 2 2 2 2 2 2 2 2 2 2 2 2 2 2 2 2 2 2 2 2 2 2 2 2 2 2 2 2 2 2 2 2 2 2 2 2 2 2 2 2 2 2 2 2 2 2 2 2 2 2 2 2 2 2 2 2 2 2 2 2 2 2 2 2 2 2 2 2 2 2 2 2 3 3 3 3 3 3 3 3 3 3 3 3 3 3 3 3 3 3 3 3 3 3 3 3 3 3 3 3 3 3 3 3 3 3 3 3 3 3 3 3 3 3 3 3 3 3 3 3 3 3 3 3 3 3 3 3 3 3 3 3 3 3 3 3 3 3 3 3 3 3 3 3 3 3 3 3 3 3 3 3 3 3 3 3 3 3 3 3 3 3 3 3 3 3 3 3 3 3 3 3 3 3 3 3 3 3 3 3 3 3 3 3 3 3 3 3 3 3 3 3 3 3 3 3 3 3 3 3 3 3 3 3 3 3 3 3 3 3 3 3 3 4 4 4 4 4 4 4 4 4 4 4 4 4 4 4 4 4 4 4 4 4 4 4 4 4 4 4 4 4 4 4 4 4 4 4 4 4 4 4 4 4 4 4 4 4 4 4 4 4 4 4 4 4 4 4 4 4 4 4 4 4 4 4 4 4 4 4 4 4 4 4 4 4 4 4 4 4 4 4 4 4 4 4 4 4 4 4 4 4 4 4 4 4 4 4 
Summary
1 persons group: 56 groups (12.844 %)
2 persons group: 144 groups (33.0275 %)
3 persons group: 141 groups (32.3394 %)
4 persons group: 95 groups (21.789 %)

Buffet Type Customer Group Generator 
Type of Customer Groups (1 - Buffet, 0 - Restaurant): 1 0 1 0 1 0 0 0 1 1 1 0 0 1 0 1 1 0 0 1 0 0 0 0 0 1 0 0 0 0 1 1 1 0 0 0 1 0 0 0 1 1 1 1 1 1 1 1 0 0 1 1 1 1 1 1 1 1 1 1 1 1 1 1 1 0 1 0 0 0 1 0 1 0 0 0 1 1 0 1 1 0 0 0 0 1 0 0 1 0 0 0 1 1 1 1 1 0 0 1 1 1 0 1 0 1 0 1 0 1 0 0 1 1 0 0 0 1 1 0 1 1 1 1 0 0 0 0 0 1 1 0 1 0 1 0 0 0 1 1 0 0 1 0 0 1 1 1 0 1 0 0 0 0 0 0 1 1 1 0 0 0 0 1 0 1 0 1 1 1 1 0 0 1 0 0 0 1 1 0 0 1 1 1 0 0 0 0 0 1 0 1 1 1 1 0 1 1 0 0 1 0 1 1 1 0 0 0 1 0 0 1 0 0 0 1 0 0 0 0 1 1 0 1 0 1 0 0 0 1 1 1 1 0 1 0 1 0 0 0 0 0 0 1 1 0 0 1 0 0 1 0 0 1 1 0 0 1 1 1 0 0 1 0 1 1 1 0 0 0 1 0 0 1 1 0 0 1 1 0 0 0 0 0 0 0 1 1 0 0 1 0 0 0 0 0 1 0 0 0 1 0 1 0 0 1 0 0 0 1 0 0 0 0 1 0 0 1 1 1 0 0 1 1 1 0 1 1 0 0 1 0 1 1 1 1 1 0 0 0 0 1 0 0 0 1 0 1 0 1 0 0 0 0 0 1 0 0 0 0 0 0 0 1 0 1 0 1 0 1 1 1 0 1 0 0 0 1 0 0 1 0 1 1 0 0 1 0 1 0 0 1 0 0 1 0 0 0 0 1 0 1 1 1 0 0 1 1 0 1 0 1 0 1 1 0 1 1 0 0 0 1 0 0 0 1 1 1 1 1 0 0 0 0 1 1 1 
Summary
199 Buffet Groups and 238 Restaurant Groups (45.5378 % Buffet Groups)