
Interval Arrival Time Generator
Generated values: 543 624 618 619 609 496 666 530 566 603 648 597 597 652 525 555 619 539 625 531 645 678 646 655 591 594 627 483 577 703 653 580 585 583 662 659 545 528 566 501 644 642 602 552 672 520 625 414 531 589 662 567 553 514 568 453 626 668 562 594 526 657 550 615 695 561 536 635 631 638 662 532 659 678 532 600 689 552 605 611 544 650 580 726 636 716 549 722 563 542 675 656 587 461 588 677 627 647 632 601 550 613 423 676 582 580 550 625 527 722 537 664 608 608 555 642 688 552 588 686 634 610 607 533 606 643 513 533 733 589 644 684 672 537 652 498 484 542 644 505 547 533 540 649 589 686 621 596 611 565 550 610 695 551 591 615 735 608 661 641 623 660 670 569 648 633 565 640 624 544 621 633 616 548 583 553 651 631 603 677 602 525 558 549 604 574 693 662 616 571 615 592 594 632 570 581 544 621 595 660 607 712 624 566 572 587 567 691 649 596 668 584 603 701 634 546 638 486 654 607 690 613 644 744 605 582 599 608 518 657 545 675 684 482 554 592 652 524 627 521 502 630 644 681 657 641 517 637 726 670 631 508 520 601 561 588 532 543 560 578 581 615 684 592 587 622 587 644 622 659 540 588 584 658 615 630 672 662 548 662 546 491 684 629 637 697 677 617 692 715 476 660 601 628 641 655 645 586 632 555 625 715 678 591 712 680 610 439 551 585 639 440 541 662 584 611 643 635 583 555 741 596 613 590 515 610 618 563 594 647 584 621 565 564 570 634 655 584 626 710 508 602 624 563 631 598 657 453 598 533 645 609 679 669 648 608 551 584 637 678 609 581 599 624 674 640 615 663 592 701 586 688 574 552 506 602 588 614 561 657 611 578 646 623 607 549 651 494 654 675 540 619 664 518 660 674 538 548 671 541 513 537 678 583 560 543 585 626 533 610 663 534 679 528 564 541 590 617 636 639 616 599 575 567 651 688 506 649 624 
Summary
The average value of generated data: 604.273
The variance value of generated data: 3440.19(58.6532^2)


Waiter Service Time Generator
Generated values: 2300 4282 5771 6455 3513 49 1031 16524 20725 12982 6927 1643 8436 738 825 1700 929 4293 11487 1157 3708 6615 3694 9486 10719 3349 18430 14101 10458 234 504 2577 3901 8113 17376 3712 3343 3906 3231 293 1658 518 2528 3180 648 6554 7815 4582 545 5557 1672 5558 15508 25733 11425 5753 4484 8999 9824 2776 9684 7237 782 5069 8504 1037 442 606 945 761 20032 9093 11709 5091 15493 796 7913 14829 1543 275 2293 642 13239 1836 6172 15619 17918 3313 1196 906 5205 5801 8588 6377 867 6797 1775 7063 4144 15631 166 6279 3843 6714 15869 4490 1070 13086 3273 776 5079 10395 454 1539 1431 3719 9083 514 3104 9505 2457 17506 753 7065 3137 1679 3359 582 4357 7149 3527 5631 2446 1054 1566 7872 1634 9120 12804 4810 14575 6613 4590 4606 22807 1184 1246 17432 7971 2205 1953 154 438 5995 1004 1397 4292 2798 4914 2878 376 1326 1296 4125 1485 1642 4430 3435 14603 7515 2848 11479 3228 673 2372 2661 581 714 504 6153 1061 4055 1621 3293 2262 316 133 1908 489 4841 250 1088 1126 3682 4767 2598 91 8434 1762 4517 1738 11677 729 12191 2084 1604 2301 4243 4646 7013 1913 4856 216 19850 15802 25 4613 2027 1877 25 1066 2794 1722 1042 9990 1163 1823 7030 15805 4305 9314 4430 194 32 5874 8788 9812 3038 3511 8303 605 6644 4658 1655 12017 3920 3409 5781 5005 4523 1595 672 2637 1328 4733 2833 4271 
Summary
The average value of generated data: 5079.76
The variance value of generated data: 2.45858e+07(4958.4^2)


Buffet Service Time Generator
Generated values: 5889 6035 5653 5874 5030 7036 5961 6036 6316 5779 5639 6250 5694 6298 6382 6906 6208 6257 6974 6219 6132 5730 6343 5784 6138 5639 5886 7383 5811 5910 5753 6157 6560 6149 5885 5471 7100 6175 6108 5616 6652 6206 5653 6650 6565 6703 5470 5613 6371 6485 6431 5160 5692 6994 6773 6149 6542 5987 6616 6563 6511 6329 6232 5601 6992 6927 5377 5568 6182 6098 5979 4996 5749 6154 6660 6292 6839 6246 6504 6702 5538 5816 6041 6783 5783 6249 6807 5027 6233 5890 6072 6333 5849 6689 7469 6437 6917 6468 5729 6868 6831 6634 5946 6226 6653 6336 6777 6864 6051 6250 6983 6505 6974 6281 6195 6344 6150 6192 6210 5877 6095 7282 5823 6824 5732 6785 6721 6160 7045 5209 6250 6894 6468 6501 7146 6039 5680 6132 6773 6094 4570 5544 5982 6962 6247 4884 7104 5207 6920 6394 6631 6496 5725 6361 6259 5039 6042 6396 6059 5438 6045 5917 6232 6453 6238 6635 6461 5865 5958 5878 6004 6194 6039 
Summary
The average value of generated data: 6210.91
The variance value of generated data: 268219(517.899^2)


Cashier Service Time Generator
Generated values: 84 326 11 718 36 297 64 391 20 56 205 375 563 168 560 71 1024 283 704 252 34 284 76 267 130 168 419 1392 19 236 186 59 6 165 532 201 174 375 63 117 37 353 145 348 276 694 44 55 189 358 215 60 118 373 154 117 81 1000 288 900 173 38 275 6 128 631 790 220 167 552 444 135 438 23 537 98 47 657 15 341 502 8 314 53 173 36 170 124 915 447 265 150 309 265 21 148 166 572 138 27 530 67 61 380 494 61 24 191 168 26 11 94 46 300 271 286 16 46 454 73 425 638 952 44 141 405 435 436 383 23 2 562 295 649 36 340 152 146 630 291 44 51 170 35 33 858 73 140 265 33 41 310 167 3 24 601 304 251 103 49 430 227 235 167 73 31 185 212 248 93 95 306 209 667 0 68 142 213 690 85 456 1 46 523 186 1278 570 489 226 532 468 745 171 127 374 25 511 109 108 62 159 122 69 269 105 422 321 311 56 682 168 792 206 149 19 96 38 508 101 54 100 117 427 114 134 183 33 14 25 419 5 314 303 454 54 34 760 146 321 263 123 281 171 260 195 416 467 204 692 903 64 26 404 279 111 67 256 104 51 121 260 67 656 166 2 225 84 5 243 371 215 143 425 194 56 21 30 6 278 88 555 240 874 262 194 60 212 92 660 238 881 75 479 214 314 13 167 396 200 433 524 87 489 224 0 410 0 210 300 263 1155 233 33 354 41 0 407 380 473 11 3 43 120 68 746 27 81 203 260 229 86 317 252 956 353 399 25 541 553 36 51 122 18 48 45 895 170 199 119 82 24 289 223 318 353 456 235 321 9 149 16 561 179 257 98 88 884 272 500 164 58 266 172 665 203 388 234 26 139 170 112 25 275 88 37 405 457 374 122 60 7 93 219 388 397 32 385 407 311 196 591 195 28 107 86 138 108 572 170 255 5 740 107 402 147 2 17 133 23 467 113 467 24 215 302 571 407 105 120 355 
Summary
The average value of generated data: 253.098
The variance value of generated data: 55063.6(234.656^2)

Persons in Group Generator
Number of Persons in Groups: 1 1 1 1 1 1 1 1 1 1 1 1 1 1 1 1 1 1 1 1 1 1 1 1 1 1 1 1 1 1 1 1 1 1 1 1 1 1 1 1 1 1 1 1 2 2 2 2 2 2 2 2 2 2 2 2 2 2 2 2 2 2 2 2 2 2 2 2 2 2 2 2 2 2 2 2 2 2 2 2 2 2 2 2 2 2 2 2 2 2 2 2 2 2 2 2 2 2 2 2 2 2 2 2 2 2 2 2 2 2 2 2 2 2 2 2 2 2 2 2 2 2 2 2 2 2 2 2 2 2 2 2 2 2 2 2 2 2 2 2 2 2 2 2 2 2 2 2 2 2 2 2 2 2 2 2 2 2 2 2 2 2 2 2 2 2 2 2 2 2 2 2 2 2 2 2 2 2 2 2 2 2 3 3 3 3 3 3 3 3 3 3 3 3 3 3 3 3 3 3 3 3 3 3 3 3 3 3 3 3 3 3 3 3 3 3 3 3 3 3 3 3 3 3 3 3 3 3 3 3 3 3 3 3 3 3 3 3 3 3 3 3 3 3 3 3 3 3 3 3 3 3 3 3 3 3 3 3 3 3 3 3 3 3 3 3 3 3 3 3 3 3 3 3 3 3 3 3 3 3 3 3 3 3 3 3 3 3 3 3 3 3 3 3 3 3 3 3 3 3 3 3 3 3 3 3 3 3 3 3 3 3 3 3 3 3 3 3 3 3 3 3 4 4 4 4 4 4 4 4 4 4 4 4 4 4 4 4 4 4 4 4 4 4 4 4 4 4 4 4 4 4 4 4 4 4 4 4 4 4 4 4 4 4 4 4 4 4 4 4 4 4 4 4 4 4 4 4 4 4 4 4 4 4 4 4 4 4 4 4 4 4 4 4 4 4 4 4 4 4 4 4 4 4 4 4 4 4 4 4 4 4 4 4 4 4 4 4 4 4 4 4 4 4 4 4 4 4 4 4 
Summary
1 persons group: 44 groups (10.2326 %)
2 persons group: 138 groups (32.093 %)
3 persons group: 140 groups (32.5581 %)
4 persons group: 108 groups (25.1163 %)

Buffet Type Customer Group Generator 
Type of Customer Groups (1 - Buffet, 0 - Restaurant): 1 0 0 0 0 1 1 0 0 1 1 0 0 1 0 1 0 0 0 0 0 1 0 0 0 1 1 0 0 1 1 0 1 1 0 0 1 0 1 0 1 0 0 1 0 0 0 1 1 1 1 0 1 0 1 0 1 1 0 0 0 0 0 1 0 0 0 1 0 1 0 1 1 0 0 1 0 0 0 0 0 1 1 1 1 0 0 0 0 0 0 0 1 1 1 0 0 0 1 1 0 0 1 0 0 1 1 0 0 0 0 0 0 1 1 1 0 0 0 1 1 1 0 0 0 0 1 1 1 0 0 0 0 1 1 0 0 0 0 1 1 1 0 1 0 1 1 0 0 1 0 0 0 0 0 0 0 1 1 0 0 0 1 0 0 0 0 1 1 1 1 1 1 0 0 1 0 0 0 0 1 1 0 0 1 0 1 0 1 0 1 0 1 1 0 0 1 0 0 1 0 1 1 0 1 1 1 0 1 1 1 1 1 0 0 0 0 0 1 1 0 0 1 0 1 0 0 0 0 1 0 0 0 1 1 1 0 0 0 1 0 0 1 1 1 1 1 0 0 0 0 0 0 1 0 1 0 0 0 0 1 0 0 0 0 1 0 0 0 1 0 1 1 0 1 1 0 0 0 0 1 0 1 0 0 1 0 1 0 1 0 0 0 1 0 1 1 1 0 1 0 0 0 1 0 0 0 1 1 1 0 0 1 1 1 0 0 1 0 0 1 0 0 0 0 0 0 0 0 1 0 0 0 1 0 1 1 0 1 0 0 0 0 0 0 1 0 1 1 1 1 0 0 0 1 0 1 1 0 0 0 1 1 0 0 1 1 1 1 0 1 0 0 0 0 1 0 1 1 1 0 0 0 0 0 0 0 0 1 1 1 0 0 0 1 0 1 0 0 1 1 1 1 0 0 0 0 1 0 0 0 1 0 0 0 0 0 1 1 0 0 1 0 0 0 0 0 1 0 0 0 
Summary
173 Buffet Groups and 258 Restaurant Groups (40.1392 % Buffet Groups)