
Interval Arrival Time Generator
Generated values: 510 585 612 469 548 670 547 502 564 634 679 669 726 606 643 668 753 602 617 553 554 546 581 693 757 636 653 551 729 585 612 590 667 603 616 537 627 615 618 560 635 512 664 589 656 602 486 618 596 522 708 517 694 594 553 660 622 464 679 532 584 548 630 728 675 587 491 619 646 448 577 637 646 642 613 646 729 557 568 485 707 577 698 560 605 593 646 598 520 633 799 656 574 525 644 633 549 566 637 669 619 702 633 518 625 632 661 749 621 560 453 648 718 573 610 544 625 650 586 619 548 571 692 520 583 574 720 561 554 551 755 591 519 560 627 592 606 567 616 565 642 553 570 617 511 530 681 616 563 509 603 562 466 563 613 574 560 550 504 555 575 539 595 630 767 554 572 530 659 600 591 588 640 701 574 540 594 580 519 609 541 513 579 649 555 687 594 683 523 638 647 497 602 638 567 536 613 540 549 660 630 654 583 606 703 615 609 621 591 560 637 561 764 635 619 694 468 643 618 624 541 565 487 563 567 625 604 680 599 666 649 614 557 452 583 604 687 622 620 664 638 578 605 584 550 657 504 674 575 721 640 683 562 622 565 707 604 550 508 572 603 606 562 619 681 513 613 661 679 519 620 574 464 644 643 684 665 631 609 516 511 607 569 640 586 531 575 573 764 562 603 639 572 573 607 637 659 714 593 632 642 547 678 528 677 530 580 591 638 650 482 659 551 596 568 574 582 508 573 606 583 628 573 525 658 562 632 623 599 663 654 537 603 602 547 461 554 619 617 640 561 581 723 500 606 648 657 528 633 566 510 731 594 611 643 637 655 765 590 664 657 561 611 758 609 500 584 515 540 584 607 622 501 514 614 462 578 618 538 641 611 548 623 674 650 595 656 657 528 602 686 618 511 613 548 624 626 572 512 666 658 550 512 525 521 599 568 529 645 575 656 598 515 740 632 577 561 654 495 653 612 661 663 570 685 604 670 610 625 603 750 
Summary
The average value of generated data: 602.07
The variance value of generated data: 3970.15(63.0091^2)


Waiter Service Time Generator
Generated values: 1863 7320 4080 1333 7877 10363 1321 4794 1462 1584 1774 2598 9351 2034 11572 864 2882 2918 1913 3546 430 1556 11503 3326 13632 4438 764 11082 563 7488 5525 607 7463 788 3258 3111 743 422 1367 43 11828 3058 1461 19525 1831 6293 4361 2976 1259 20 3747 5536 9289 7856 7759 1147 1985 8662 84 639 10212 2469 2861 12526 4162 2181 4461 765 6229 1076 5942 407 3815 5330 325 1831 1014 16740 20123 36391 3985 3365 2435 10932 2354 8189 4786 20896 8077 490 1307 2091 212 532 41259 7012 3940 7137 3908 5025 1187 15401 1389 2678 1344 8235 1409 796 751 4007 456 43 4336 1576 5500 2178 30 1136 11408 1409 251 5494 3611 17002 1628 1754 23350 1201 472 15900 9515 10723 422 5624 3344 789 3596 1971 10838 4177 212 489 3722 11785 852 3836 717 5799 772 9043 4683 2286 921 4965 688 1966 11265 7031 3247 16880 714 2002 2486 30507 3290 727 11151 2466 3494 677 8079 11895 1758 6910 18676 5874 13409 1609 123 3823 5974 9866 9866 8151 8947 3397 4256 1282 2475 3772 18516 442 19415 3544 20054 4470 6425 13754 3184 13293 236 1355 2686 5012 4598 550 522 3295 4101 2078 8503 4514 2815 9928 1376 731 27249 3640 9035 8238 1038 11406 5550 2939 706 25638 843 1824 22 8351 2935 4369 4728 4352 1415 311 
Summary
The average value of generated data: 5429.65
The variance value of generated data: 3.90367e+07(6247.93^2)


Buffet Service Time Generator
Generated values: 6402 5750 6449 6076 5572 5468 5626 6131 6117 6028 5966 5802 6283 5917 6103 5620 5291 5602 6720 6771 6069 5622 7275 6662 6689 5637 6881 5173 6255 5552 6477 6073 5994 7230 6671 6481 6448 6423 5346 7044 6719 6170 6214 6568 5668 5589 5386 5303 7099 6848 6609 5821 6033 6693 6297 6710 6379 6276 6068 6253 5859 5719 6085 5506 5914 5868 6091 6835 6696 5799 5628 6021 5837 6387 5876 6849 5800 6982 6140 6547 6035 5746 6777 7415 6551 5707 6595 5808 6305 6569 5908 5466 6435 5855 6118 6413 5828 5777 5613 5887 6304 6447 6813 6399 6483 6161 6362 5881 6855 6646 6277 6256 6555 5901 6606 6985 6377 6811 6278 7120 6740 6203 6744 5450 6153 5793 6219 5811 6271 6553 5481 5435 5801 5829 6330 6100 5921 6518 6601 6207 5968 6181 6890 6277 6325 5623 5875 6342 6493 5450 6323 5340 6167 6131 6212 6403 6492 6277 6174 6506 5761 6310 6393 5656 6242 6267 6876 5927 6623 6207 6774 6258 6498 5891 7565 6033 6549 6141 6227 7148 6569 5954 5544 5112 5658 5923 6000 6016 6143 6276 6109 6495 6829 6570 4926 6352 
Summary
The average value of generated data: 6196.91
The variance value of generated data: 219823(468.852^2)


Cashier Service Time Generator
Generated values: 101 77 575 255 74 398 556 58 564 73 431 134 332 112 19 22 1655 252 129 162 207 383 497 117 14 163 306 102 248 1137 74 121 8 12 0 91 207 148 180 75 236 322 178 47 728 195 235 71 135 516 170 395 95 499 282 47 85 199 191 143 180 51 4 136 452 1581 870 71 325 68 92 56 107 101 557 679 10 34 213 404 175 610 804 45 278 217 546 143 89 68 166 42 11 22 59 108 117 306 135 42 137 55 140 62 223 38 37 214 60 79 264 451 95 32 63 418 244 403 619 207 228 203 113 301 11 262 39 34 467 227 362 43 264 110 250 69 396 4 1172 159 401 170 360 723 145 415 1210 179 389 40 9 526 36 3 49 104 56 229 373 76 238 241 82 15 121 280 95 377 420 613 239 49 39 602 826 801 712 87 146 795 386 100 164 355 736 157 185 138 50 293 202 536 77 132 133 828 696 50 693 195 64 589 291 349 419 28 416 176 349 78 81 378 22 66 328 1 8 153 48 151 862 72 344 471 35 355 137 589 115 548 36 52 761 436 95 84 122 156 23 104 486 364 194 285 147 36 93 382 380 72 171 993 72 86 21 748 377 239 216 349 292 125 331 59 227 154 94 250 58 91 191 45 23 179 4 287 109 265 241 173 56 106 62 139 15 65 433 139 642 198 400 119 932 131 84 133 353 21 71 257 259 97 381 116 28 808 145 1 96 297 44 63 173 394 116 40 349 48 232 79 210 259 154 320 109 566 119 153 80 92 349 448 122 43 95 35 581 286 210 409 101 238 323 85 280 36 91 98 288 52 196 553 213 160 173 177 493 45 34 9 400 223 580 203 66 8 208 87 250 880 248 116 9 87 18 485 286 786 608 101 437 20 340 175 0 62 32 178 84 51 222 1040 650 306 49 11 94 448 499 195 1063 245 48 1183 6 347 83 168 185 52 77 437 514 12 250 275 139 69 188 56 423 56 305 38 69 43 549 676 148 140 179 445 
Summary
The average value of generated data: 244.125
The variance value of generated data: 60875.9(246.73^2)

Persons in Group Generator
Number of Persons in Groups: 1 1 1 1 1 1 1 1 1 1 1 1 1 1 1 1 1 1 1 1 1 1 1 1 1 1 1 1 1 1 1 1 1 1 1 1 1 1 1 1 1 1 1 1 1 1 1 1 1 1 1 1 1 1 2 2 2 2 2 2 2 2 2 2 2 2 2 2 2 2 2 2 2 2 2 2 2 2 2 2 2 2 2 2 2 2 2 2 2 2 2 2 2 2 2 2 2 2 2 2 2 2 2 2 2 2 2 2 2 2 2 2 2 2 2 2 2 2 2 2 2 2 2 2 2 2 2 2 2 2 2 2 2 2 2 2 2 2 2 2 2 2 2 2 2 2 2 2 2 2 2 2 2 2 2 2 2 2 2 2 2 2 2 2 2 2 2 2 2 2 2 2 2 2 2 2 2 2 2 2 2 2 2 2 2 2 3 3 3 3 3 3 3 3 3 3 3 3 3 3 3 3 3 3 3 3 3 3 3 3 3 3 3 3 3 3 3 3 3 3 3 3 3 3 3 3 3 3 3 3 3 3 3 3 3 3 3 3 3 3 3 3 3 3 3 3 3 3 3 3 3 3 3 3 3 3 3 3 3 3 3 3 3 3 3 3 3 3 3 3 3 3 3 3 3 3 3 3 3 3 3 3 3 3 3 3 3 3 3 3 3 3 3 3 3 3 3 3 3 3 3 3 3 3 3 3 3 3 3 3 3 3 3 3 3 3 3 3 3 3 3 3 3 3 3 3 3 3 3 3 4 4 4 4 4 4 4 4 4 4 4 4 4 4 4 4 4 4 4 4 4 4 4 4 4 4 4 4 4 4 4 4 4 4 4 4 4 4 4 4 4 4 4 4 4 4 4 4 4 4 4 4 4 4 4 4 4 4 4 4 4 4 4 4 4 4 4 4 4 4 4 4 4 4 4 4 4 4 4 4 4 4 4 4 4 4 4 4 4 4 4 4 4 4 4 4 4 4 4 4 4 4 
Summary
1 persons group: 54 groups (12.5 %)
2 persons group: 132 groups (30.5556 %)
3 persons group: 144 groups (33.3333 %)
4 persons group: 102 groups (23.6111 %)

Buffet Type Customer Group Generator 
Type of Customer Groups (1 - Buffet, 0 - Restaurant): 1 0 0 0 0 1 0 0 1 0 0 1 0 0 0 0 0 1 0 0 0 0 0 0 1 0 1 1 0 1 1 1 1 0 0 1 0 0 1 1 0 1 0 0 0 0 1 1 0 1 1 1 0 0 0 0 0 0 1 0 1 0 0 1 0 1 1 1 1 0 0 0 1 0 0 1 1 0 0 1 1 0 0 0 1 1 0 0 1 0 1 0 0 1 1 1 1 0 0 1 0 1 1 1 1 1 1 0 1 1 0 0 0 0 0 0 1 1 1 0 0 0 1 1 1 1 1 1 1 0 1 1 0 1 0 0 0 1 0 1 1 0 1 0 1 1 0 1 0 1 1 0 0 0 0 1 0 0 0 0 0 0 1 0 0 1 0 1 1 1 1 0 1 0 0 0 1 0 0 0 0 0 0 0 1 0 1 0 0 1 1 0 0 0 1 0 0 1 0 0 1 1 0 0 0 0 0 1 0 0 1 0 1 0 1 0 0 0 1 0 1 0 0 0 0 1 1 1 1 0 0 0 1 0 0 1 1 1 0 0 1 0 1 0 1 1 1 0 1 0 0 0 0 1 0 0 1 0 1 0 0 1 1 1 1 1 0 1 0 1 1 0 1 1 1 1 1 1 0 1 1 0 0 0 0 0 1 1 0 1 1 0 1 0 0 1 0 1 0 0 0 0 1 0 1 0 1 0 0 0 1 1 0 0 1 1 1 0 1 1 1 1 1 0 1 0 0 0 0 1 1 0 0 0 1 0 0 0 0 0 0 0 1 0 0 0 0 0 0 0 0 1 1 0 0 0 0 0 1 0 0 0 1 0 1 0 1 1 1 0 1 0 1 0 1 1 0 1 0 1 0 1 1 0 1 0 1 0 0 1 1 1 1 1 1 0 0 1 0 1 0 0 0 0 0 1 0 0 1 1 0 1 1 0 1 0 1 1 0 1 1 1 0 0 1 1 1 1 0 1 1 0 
Summary
196 Buffet Groups and 236 Restaurant Groups (45.3704 % Buffet Groups)