
Interval Arrival Time Generator
Generated values: 599 579 546 600 692 653 628 676 740 538 688 538 515 603 621 627 599 533 495 584 755 637 586 519 557 625 702 632 674 556 591 662 593 564 647 613 626 554 636 592 497 652 553 487 665 684 597 649 570 651 597 532 700 600 610 562 535 583 661 555 592 631 598 542 681 656 674 557 626 531 637 525 501 579 730 636 586 592 659 513 681 753 585 642 675 605 584 508 593 561 528 572 633 641 631 588 504 546 570 596 578 537 604 661 632 644 538 509 648 619 654 564 527 575 582 533 522 647 638 594 673 569 522 721 610 605 566 656 647 466 590 594 692 602 543 499 562 526 622 608 678 593 678 568 521 628 648 437 644 608 649 563 547 619 595 606 602 601 506 579 635 458 526 551 571 587 544 638 610 539 563 571 678 638 506 558 642 627 658 644 601 683 595 652 616 591 666 683 472 645 565 597 560 689 648 639 551 549 647 547 591 659 672 641 702 592 686 636 544 619 602 598 585 597 583 594 611 569 592 574 626 553 571 622 676 565 566 620 497 614 581 593 631 476 471 645 568 679 651 579 584 591 719 509 548 664 636 571 600 631 612 646 647 639 700 623 539 566 602 612 521 577 645 571 588 593 509 546 630 557 639 620 678 618 575 617 638 685 642 605 561 670 551 559 614 673 554 705 618 524 615 645 472 535 541 640 617 578 555 548 744 601 631 622 518 594 534 518 680 536 619 592 556 544 635 672 631 520 590 529 693 630 654 560 719 653 495 627 659 616 654 588 604 605 517 637 635 562 596 541 630 601 542 602 608 649 451 562 586 664 596 590 607 612 519 583 625 582 547 551 576 574 538 635 643 620 634 627 578 586 650 448 659 610 598 577 567 747 613 555 756 729 554 639 670 691 515 584 544 595 596 598 635 647 582 633 602 579 537 593 675 594 564 544 608 592 563 563 593 577 612 543 567 623 541 602 603 649 667 651 587 608 586 612 771 480 661 587 581 606 566 729 
Summary
The average value of generated data: 600.421
The variance value of generated data: 3221.35(56.7569^2)


Waiter Service Time Generator
Generated values: 6680 16987 998 162 962 3391 433 616 577 25460 13282 14396 2262 12125 3037 7567 1758 6177 8565 258 3352 4917 4667 4507 5798 7455 177 842 3793 53 5469 13208 7000 6370 5982 10497 17712 9687 2632 3151 626 21139 326 5191 32 2216 1493 565 814 2999 5365 4045 8197 4755 11622 10809 1039 4922 661 12396 5390 1170 899 21974 7961 4654 2 6796 9566 253 874 3793 5355 3675 2853 5645 20494 1622 1057 7367 2770 5004 1916 2677 760 705 1320 1430 1278 8795 1164 459 1962 2660 3697 9760 5037 1060 1421 2551 635 2853 3163 905 1056 2291 2112 5656 516 4018 1082 21025 4033 2005 1929 245 8873 7557 4850 5885 474 2854 4821 12354 13603 442 785 875 1926 3429 6178 7826 6797 6835 8880 18514 9478 4112 7837 4219 4111 8561 1350 384 3077 6098 396 7470 6009 4302 5746 2041 1670 12815 25737 21954 5226 4364 4331 20102 2068 8822 4033 9173 3009 318 751 3095 11459 6537 2977 3578 10736 19474 7262 16913 9916 15297 6080 213 4025 1913 3686 5575 7215 13400 12449 2764 915 8057 1481 5008 5456 3664 566 1499 4912 6616 93 905 9228 2098 2756 12832 20298 4174 6364 10316 1853 21097 1875 5308 1705 785 6714 736 1302 755 
Summary
The average value of generated data: 5508.16
The variance value of generated data: 2.94861e+07(5430.11^2)


Buffet Service Time Generator
Generated values: 6846 6374 6413 5936 6655 6728 6305 6060 5314 5843 6457 6341 5854 5797 6055 6198 5707 6428 5790 7242 5401 5696 6500 6870 6646 6199 5979 6662 5930 5882 6260 6190 6980 5333 7236 7127 5189 5355 5724 6455 6596 6830 6762 5738 6228 5577 6026 6480 5906 5209 6742 6820 5633 6300 6309 6092 6158 6033 5735 5999 6369 5559 5463 5887 6018 5305 6337 5983 5980 5767 6690 6065 5716 5744 6737 6450 6364 5738 6499 6339 6331 6213 7558 7218 6792 6191 5538 7076 6592 6640 5786 7136 5977 6457 6268 6478 6925 6240 5774 5702 6021 5865 6043 6335 6915 5705 6632 5757 6262 5560 6155 5168 6789 6863 6701 6875 6697 6288 6372 5789 5834 5524 6382 6115 5900 6631 5581 6902 6447 6772 5938 5954 6775 5146 6506 6722 6115 6089 5910 7278 6409 6919 6504 6109 5842 6362 5720 6979 6464 6575 6994 6815 5743 6178 5983 6324 6196 6405 6475 5320 6369 6058 6395 6183 5385 6856 6846 6307 6288 6181 6561 7133 6423 5238 5908 6347 6591 5567 5985 6684 6221 6555 6089 6849 5263 6170 6528 6312 6229 6045 5723 6461 7435 6306 5834 6869 6915 5722 6618 5565 5973 6018 6522 5807 6423 5284 6949 7251 5671 6539 5677 5992 6401 6182 5595 
Summary
The average value of generated data: 6232.37
The variance value of generated data: 249825(499.825^2)


Cashier Service Time Generator
Generated values: 652 644 384 31 188 741 292 158 170 188 316 46 916 172 162 276 238 143 101 62 68 291 89 996 72 285 351 69 1055 17 42 900 168 44 98 159 83 605 428 269 24 528 830 419 209 179 368 194 251 205 84 22 15 178 172 412 316 113 187 218 381 254 36 712 137 15 822 267 413 285 45 1014 107 57 289 538 270 58 175 488 13 318 500 5 309 520 38 291 61 135 188 137 153 176 365 116 755 474 186 55 208 643 338 100 175 232 89 555 236 0 41 161 98 611 70 379 103 265 955 593 69 70 276 335 685 21 201 99 370 607 224 258 369 888 132 259 44 326 92 257 286 155 460 93 332 300 390 714 364 94 12 181 674 187 602 194 92 136 129 19 817 314 290 44 21 374 125 255 264 1066 20 20 6 489 310 241 169 166 208 275 38 629 23 71 209 93 13 90 130 783 241 74 652 170 251 142 212 128 185 283 49 406 135 4 178 187 755 0 527 217 143 329 152 6 47 620 57 451 34 205 13 61 839 33 47 1021 353 374 176 202 252 695 322 698 576 9 285 28 27 445 52 322 290 235 171 91 93 48 328 5 138 195 373 780 103 383 13 331 410 640 3 66 352 417 217 79 52 239 57 857 107 123 286 94 263 361 19 540 809 230 110 284 105 263 169 38 58 684 674 2 327 487 134 109 233 123 161 355 431 141 190 750 87 334 500 104 115 13 258 433 282 141 105 22 204 127 526 664 45 365 21 3 278 65 303 48 449 111 29 384 162 192 71 148 340 27 929 9 60 41 39 440 87 356 126 385 58 254 31 105 527 140 105 422 118 399 8 78 17 168 65 539 276 522 117 11 171 199 53 329 406 188 282 159 153 108 426 163 212 709 796 40 540 14 202 158 31 189 277 288 72 201 1006 225 7 269 13 55 1342 489 50 110 78 202 2 977 821 453 340 96 3 682 232 103 699 127 357 66 930 463 625 70 16 287 278 23 250 323 2 179 165 144 219 
Summary
The average value of generated data: 263.926
The variance value of generated data: 58512.8(241.894^2)

Persons in Group Generator
Number of Persons in Groups: 1 1 1 1 1 1 1 1 1 1 1 1 1 1 1 1 1 1 1 1 1 1 1 1 1 1 1 1 1 1 1 1 1 1 1 1 1 1 1 1 1 1 1 1 1 1 2 2 2 2 2 2 2 2 2 2 2 2 2 2 2 2 2 2 2 2 2 2 2 2 2 2 2 2 2 2 2 2 2 2 2 2 2 2 2 2 2 2 2 2 2 2 2 2 2 2 2 2 2 2 2 2 2 2 2 2 2 2 2 2 2 2 2 2 2 2 2 2 2 2 2 2 2 2 2 2 2 2 2 2 2 2 2 2 2 2 2 2 2 2 2 2 2 2 2 2 2 2 2 2 2 2 2 2 2 2 2 2 2 2 2 2 2 2 2 2 2 2 2 2 2 2 2 2 2 2 2 2 2 2 2 2 2 2 2 2 2 2 2 2 2 2 2 2 2 2 2 2 2 2 2 2 2 3 3 3 3 3 3 3 3 3 3 3 3 3 3 3 3 3 3 3 3 3 3 3 3 3 3 3 3 3 3 3 3 3 3 3 3 3 3 3 3 3 3 3 3 3 3 3 3 3 3 3 3 3 3 3 3 3 3 3 3 3 3 3 3 3 3 3 3 3 3 3 3 3 3 3 3 3 3 3 3 3 3 3 3 3 3 3 3 3 3 3 3 3 3 3 3 3 3 3 3 3 3 3 3 3 3 3 3 3 3 3 3 3 3 3 3 3 3 3 3 3 3 3 3 3 3 3 3 3 3 3 3 4 4 4 4 4 4 4 4 4 4 4 4 4 4 4 4 4 4 4 4 4 4 4 4 4 4 4 4 4 4 4 4 4 4 4 4 4 4 4 4 4 4 4 4 4 4 4 4 4 4 4 4 4 4 4 4 4 4 4 4 4 4 4 4 4 4 4 4 4 4 4 4 4 4 4 4 4 4 4 4 4 4 4 4 4 4 4 4 4 4 4 4 4 4 4 4 4 4 
Summary
1 persons group: 46 groups (10.6236 %)
2 persons group: 157 groups (36.2587 %)
3 persons group: 132 groups (30.485 %)
4 persons group: 98 groups (22.6328 %)

Buffet Type Customer Group Generator 
Type of Customer Groups (1 - Buffet, 0 - Restaurant): 1 1 1 1 0 0 1 1 1 1 1 1 0 0 0 0 0 0 0 1 1 1 1 0 1 0 0 1 0 1 0 0 0 1 0 0 1 0 1 0 1 1 1 0 1 1 0 0 1 1 1 0 1 0 1 0 1 1 1 1 0 0 0 0 1 1 0 1 1 1 1 1 1 0 1 1 1 0 1 0 1 0 0 0 0 1 1 1 0 1 1 1 1 1 0 1 1 0 1 1 1 0 0 0 1 0 0 0 0 0 1 1 0 0 1 1 1 0 1 1 1 1 1 0 1 1 0 1 0 1 1 1 0 0 1 0 1 0 0 0 1 1 1 1 1 1 0 0 0 0 1 0 0 0 0 0 0 0 1 1 1 0 0 0 0 1 1 0 0 0 1 0 0 0 0 0 1 0 1 0 1 0 0 1 0 1 0 1 0 0 0 1 1 0 0 0 0 0 0 0 1 0 0 0 0 0 1 0 1 0 0 1 0 1 0 1 0 0 0 1 0 0 0 0 0 0 0 1 1 0 1 1 0 0 0 0 1 0 1 0 1 1 1 1 1 1 0 1 1 0 0 0 0 0 1 0 1 0 1 0 0 0 0 1 0 1 1 1 0 0 0 1 1 0 1 0 1 1 0 1 1 1 0 1 0 1 0 0 0 0 1 1 1 1 0 1 1 1 0 0 1 0 1 1 1 1 0 0 1 1 1 0 0 1 0 0 0 0 0 0 1 1 0 1 0 1 0 1 0 0 0 0 0 1 0 1 1 0 1 0 1 1 0 1 1 1 0 1 1 1 1 1 1 1 0 1 0 0 1 0 0 1 1 1 0 1 0 0 1 0 0 0 0 0 1 0 1 0 1 1 1 0 1 1 1 0 1 1 1 1 1 0 0 0 1 0 0 0 1 1 0 1 0 0 1 1 0 1 0 0 1 1 1 0 0 1 1 1 1 0 1 0 1 0 0 1 1 1 1 0 0 0 0 0 
Summary
215 Buffet Groups and 219 Restaurant Groups (49.5392 % Buffet Groups)