
Interval Arrival Time Generator
Generated values: 150 179 159 140 146 155 159 135 144 158 133 161 159 148 159 142 135 136 147 145 157 151 146 137 142 150 165 155 141 134 164 158 156 160 145 141 139 150 156 137 143 159 133 139 139 139 167 149 141 169 134 147 145 145 135 142 162 165 155 138 150 159 145 145 144 147 155 146 158 145 144 163 149 166 143 153 128 147 136 154 147 126 139 142 150 132 160 160 148 154 132 146 155 146 152 140 154 153 160 147 168 147 149 153 152 153 161 140 155 139 157 151 145 168 147 146 150 140 136 141 161 155 137 165 143 161 157 137 159 145 152 153 138 148 151 146 148 144 148 162 150 154 147 159 156 149 150 152 148 143 151 145 145 142 145 155 153 135 165 141 168 149 144 174 151 163 146 168 141 125 154 146 157 138 150 144 168 162 160 158 153 151 143 146 163 152 139 152 133 145 178 162 155 156 136 149 138 155 145 137 155 149 149 158 154 156 151 133 164 139 143 138 155 155 136 139 148 159 147 130 164 160 159 143 163 153 173 159 160 159 155 143 162 139 154 134 159 142 148 160 139 
Summary
The average value of generated data: 149.68
The variance value of generated data: 98.1925(9.90921^2)


Waiter Service Time Generator
Generated values: 2498 601 7073 938 8944 3616 468 957 2573 10537 14040 3579 7519 1221 877 682 2405 4512 683 728 5860 1598 957 8779 37 1758 173 8902 15356 2298 1687 1560 3340 850 4278 4857 1210 311 3038 5818 287 3166 342 15347 3996 3217 7509 2875 1445 721 1599 3188 11743 9849 3883 7289 1743 19428 1811 1476 4358 6210 1203 14336 2396 14301 1611 1239 4194 2364 4347 1343 1068 3331 1476 8148 1216 4601 1114 5698 2195 52 2184 1537 7933 189 2610 922 2543 5250 
Summary
The average value of generated data: 3977.79
The variance value of generated data: 1.66814e+07(4084.29^2)


Buffet Service Time Generator
Generated values: 1883 1848 2123 1847 1936 2039 2003 1618 1965 2034 2091 2015 2068 1832 2165 1761 2038 1895 1743 1571 1914 1641 2185 2018 2140 2400 1541 1650 1737 1781 1777 1907 2126 1894 2005 1995 2105 1771 1708 2153 2013 1822 1928 1999 2024 2040 1773 1682 2118 1730 1810 1633 2113 1828 2086 1821 1999 2040 2147 1625 2164 2113 1505 1862 1721 2465 2130 1795 1989 1355 1803 2054 1874 1962 1997 1908 2055 1739 2154 1911 1876 2007 1824 2040 1829 1802 1836 1921 1931 1767 1959 1636 1912 1950 1617 2068 2068 1377 1653 2113 2093 2123 2010 1789 1698 1985 2056 1709 1647 2374 1862 1949 2115 1782 1738 1780 1499 2259 1700 1683 1749 2073 1794 1846 1696 1752 1826 1957 1924 1908 2090 1825 2068 1547 1900 1386 2028 1828 2071 1637 1910 1699 2037 2297 1654 1843 1712 1778 1810 1844 1560 1873 
Summary
The average value of generated data: 1892.56
The variance value of generated data: 39359(198.391^2)


Cashier Service Time Generator
Generated values: 130 175 68 36 155 56 128 40 299 0 67 233 157 206 89 29 197 69 360 207 324 116 85 89 169 97 829 171 459 223 76 241 51 190 32 310 84 43 119 523 339 122 85 324 10 411 72 104 1 434 70 120 32 19 63 25 0 55 235 71 130 2 694 128 125 46 175 662 519 397 30 12 305 185 573 543 870 509 353 191 125 164 74 162 21 258 103 214 422 244 137 163 127 572 407 182 94 93 27 5 640 209 204 158 183 570 28 95 206 89 114 185 621 21 211 115 335 184 284 60 146 428 426 21 186 453 228 641 38 68 83 648 20 32 293 87 61 73 59 218 750 93 111 6 1049 149 192 212 39 213 95 473 131 1074 233 422 89 65 481 474 58 628 281 182 263 76 396 120 362 63 439 17 1012 168 57 26 108 167 31 78 237 117 268 314 66 6 11 461 234 274 7 29 10 78 143 310 30 391 73 301 38 56 442 97 279 306 447 140 71 194 264 48 2 132 330 74 13 73 246 333 226 14 55 6 3 354 226 49 57 284 349 51 24 69 53 41 607 492 376 279 430 174 
Summary
The average value of generated data: 207.996
The variance value of generated data: 40324(200.808^2)

Persons in Group Generator
Number of Persons in Groups: 1 1 1 1 1 1 1 1 1 1 1 1 1 1 1 1 1 1 1 1 1 1 1 1 1 1 1 2 2 2 2 2 2 2 2 2 2 2 2 2 2 2 2 2 2 2 2 2 2 2 2 2 2 2 2 2 2 2 2 2 2 2 2 2 2 2 2 2 2 2 2 2 2 2 2 2 2 2 2 2 2 2 2 2 2 2 2 2 2 2 2 2 2 2 2 2 2 2 2 2 2 2 2 2 2 3 3 3 3 3 3 3 3 3 3 3 3 3 3 3 3 3 3 3 3 3 3 3 3 3 3 3 3 3 3 3 3 3 3 3 3 3 3 3 3 3 3 3 3 3 3 3 3 3 3 3 3 3 3 3 3 3 3 3 3 3 3 3 3 3 3 3 3 3 3 3 3 3 3 3 3 3 3 3 3 3 3 3 3 3 3 3 3 3 4 4 4 4 4 4 4 4 4 4 4 4 4 4 4 4 4 4 4 4 4 4 4 4 4 4 4 4 4 4 4 4 4 4 4 4 4 4 4 4 4 4 4 4 4 4 4 4 
Summary
1 persons group: 27 groups (11.157 %)
2 persons group: 78 groups (32.2314 %)
3 persons group: 89 groups (36.7769 %)
4 persons group: 48 groups (19.8347 %)

Buffet Type Customer Group Generator 
Type of Customer Groups (1 - Buffet, 0 - Restaurant): 1 0 1 1 1 0 1 1 1 1 0 0 1 0 0 1 0 1 1 1 0 1 0 1 0 0 1 1 1 1 1 1 1 0 1 1 1 1 0 1 1 0 0 0 0 1 1 1 0 0 1 0 0 1 1 1 1 0 0 0 1 1 0 0 1 1 0 0 1 0 1 1 0 1 1 0 1 1 1 1 0 1 1 0 1 0 1 1 0 1 1 0 1 1 1 0 1 0 1 0 0 0 1 0 1 1 1 1 0 1 0 1 0 1 1 1 0 1 1 1 0 1 1 1 0 1 1 1 0 1 1 1 1 1 0 1 1 1 1 0 1 1 1 1 1 1 0 1 1 1 0 1 0 1 1 0 0 0 1 0 0 0 0 1 0 1 1 1 0 0 1 1 1 0 0 1 1 1 1 0 1 1 0 1 1 0 0 0 1 0 1 0 1 1 0 0 1 1 1 1 1 1 1 0 1 1 0 1 1 0 0 0 1 1 0 1 0 0 1 0 1 1 1 1 1 1 1 1 1 1 1 0 0 0 0 1 1 1 0 0 1 1 
Summary
152 Buffet Groups and 90 Restaurant Groups (62.8099 % Buffet Groups)