
Interval Arrival Time Generator
Generated values: 41 35 361 4294967192 213 80 297 194 341 158 33 338 67 52 136 265 238 211 197 166 180 87 185 282 264 112 63 181 224 57 125 61 148 301 65 268 30 327 13 262 126 68 230 90 306 242 238 128 99 64 98 4294967259 428 201 94 350 226 13 201 4294967172 29 232 142 4294967283 198 69 10 324 49 41 377 279 225 339 65 0 164 140 270 50 96 0 246 106 205 135 129 226 135 67 309 139 136 324 224 238 83 113 205 84 112 4294967279 72 146 263 148 297 4294967278 22 160 267 39 325 222 216 152 101 189 76 101 159 151 10 244 65 0 104 181 210 299 167 141 233 102 189 88 24 57 32 204 296 4294967280 281 112 372 202 129 138 211 138 68 133 159 31 238 213 120 152 345 4294967253 73 212 290 88 106 4294967284 4294967261 245 167 106 204 256 23 167 300 155 263 133 172 185 201 205 4294967250 135 397 135 84 203 230 143 139 115 169 156 182 323 190 4 88 259 188 205 153 410 233 379 246 266 216 94 49 76 197 104 155 127 183 194 158 22 290 200 153 196 157 71 4294967208 119 89 329 
Summary
The average value of generated data: 2.24085e+08
The variance value of generated data: 9.12225e+17(9.55104e+08^2)


Waiter Service Time Generator
Generated values: 21801 6714 4005 1116 17 19583 1527 2163 592 2385 7807 17146 7842 690 5144 13721 9648 3686 4647 623 6862 442 4156 8066 6986 3031 407 5186 3707 11259 593 9058 1069 4356 2679 9396 4513 3445 6557 6094 1954 8292 4136 518 2149 3741 8700 3644 808 1717 711 985 1618 4287 2461 660 7302 331 2532 716 883 1704 105 8409 7300 4087 503 11522 227 278 2934 433 1358 4685 7809 3259 1786 439 5970 266 513 879 12296 276 
Summary
The average value of generated data: 4332.17
The variance value of generated data: 1.96082e+07(4428.11^2)


Buffet Service Time Generator
Generated values: 1772 1742 1965 1419 2267 1719 2112 1949 2189 2060 1774 1931 1855 1583 1845 2070 2075 2111 2109 1900 2163 1682 2176 1911 1953 1322 1663 2015 2545 1789 1807 1863 1892 2112 1730 2009 1730 1991 1801 2136 1662 1716 2000 1764 2082 2072 1953 1655 1836 1872 1723 1772 2042 2059 1773 2040 2231 1832 2236 1870 1878 1991 1775 1824 2058 1670 1831 2053 1889 1795 2261 2381 1908 2366 1867 1677 1919 1800 1927 1601 1882 1764 2186 1790 1911 1754 1777 2146 1834 1694 2087 1807 1732 1927 2062 1964 1610 1823 2259 1834 1765 1857 1490 1541 2181 1899 2159 1599 1823 1944 1949 1817 2111 2124 1921 1914 1822 2081 1755 1742 2091 1951 1729 2053 1710 1369 1839 1964 2105 2532 2161 1895 2016 1406 2041 1703 1637 1831 1402 2033 2128 1616 2240 1884 2034 2139 1837 
Summary
The average value of generated data: 1905.31
The variance value of generated data: 46402(215.411^2)


Cashier Service Time Generator
Generated values: 211 250 250 122 107 200 391 362 174 945 31 94 8 1300 104 208 141 51 113 72 142 116 783 340 271 117 91 72 402 18 75 16 159 144 423 128 265 184 46 133 94 94 326 145 164 223 126 327 42 378 422 634 226 112 252 102 407 104 492 49 191 28 206 23 281 530 380 114 254 524 6 329 626 52 110 307 145 298 656 216 175 1 29 174 33 177 621 332 599 133 287 31 187 119 49 102 219 36 35 100 301 1098 43 125 98 126 287 346 447 168 89 366 199 895 134 395 633 367 75 209 165 52 5 378 500 29 32 139 327 70 118 187 46 45 79 36 138 18 117 193 113 79 2 56 305 123 626 12 304 28 199 582 59 228 33 267 23 41 99 7 1056 6 15 828 89 176 107 36 93 27 194 252 142 387 156 314 98 243 669 77 202 338 189 745 166 94 175 63 36 82 64 418 48 214 350 685 227 136 327 205 284 104 103 365 24 152 45 76 466 369 9 36 537 15 51 209 179 185 224 25 230 49 11 180 319 285 358 14 14 37 51 
Summary
The average value of generated data: 214.238
The variance value of generated data: 45072(212.302^2)

Persons in Group Generator
Number of Persons in Groups: 1 1 1 1 1 1 1 1 1 1 1 1 1 1 1 1 1 1 1 1 1 1 2 2 2 2 2 2 2 2 2 2 2 2 2 2 2 2 2 2 2 2 2 2 2 2 2 2 2 2 2 2 2 2 2 2 2 2 2 2 2 2 2 2 2 2 2 2 2 2 2 2 2 2 2 2 2 2 2 2 2 2 2 2 2 2 2 2 2 2 2 2 2 2 2 2 2 2 3 3 3 3 3 3 3 3 3 3 3 3 3 3 3 3 3 3 3 3 3 3 3 3 3 3 3 3 3 3 3 3 3 3 3 3 3 3 3 3 3 3 3 3 3 3 3 3 3 3 3 3 3 3 3 3 3 3 3 3 3 3 3 3 3 3 3 3 3 3 3 3 3 3 3 4 4 4 4 4 4 4 4 4 4 4 4 4 4 4 4 4 4 4 4 4 4 4 4 4 4 4 4 4 4 4 4 4 4 4 4 4 4 4 4 4 4 4 4 4 4 4 4 4 4 4 4 4 4 4 4 4 4 
Summary
1 persons group: 22 groups (9.52381 %)
2 persons group: 76 groups (32.9004 %)
3 persons group: 75 groups (32.4675 %)
4 persons group: 58 groups (25.1082 %)

Buffet Type Customer Group Generator 
Type of Customer Groups (1 - Buffet, 0 - Restaurant): 0 1 0 0 1 1 1 1 1 1 0 0 1 1 0 1 1 0 1 0 0 0 1 0 0 1 1 1 1 1 1 1 1 1 0 1 1 1 1 1 1 0 1 0 1 1 1 0 0 1 1 1 1 1 0 1 1 1 0 1 0 0 1 1 0 1 1 1 0 1 1 0 0 1 1 1 0 1 0 1 0 1 1 0 1 0 0 0 1 0 1 0 0 0 0 0 0 1 0 1 1 1 1 0 1 0 1 0 1 0 1 0 1 1 1 0 1 1 1 1 1 0 0 0 0 1 0 0 1 1 1 1 1 0 1 1 1 0 1 1 1 0 0 1 1 0 0 1 1 1 1 1 1 1 1 1 1 1 1 0 0 1 1 1 1 0 1 0 1 1 1 1 0 1 1 1 1 1 0 1 1 0 1 1 0 0 0 1 0 1 1 1 1 1 0 0 1 0 0 1 0 1 1 1 1 1 1 1 1 0 0 1 0 0 1 1 1 0 0 1 1 0 1 1 0 1 1 0 0 1 1 
Summary
147 Buffet Groups and 84 Restaurant Groups (63.6364 % Buffet Groups)