
Interval Arrival Time Generator
Generated values: 510 600 604 706 623 669 538 596 589 641 635 675 647 541 625 585 685 603 623 529 683 596 517 521 498 622 495 501 538 671 514 660 661 610 746 606 638 579 689 649 556 646 716 539 622 636 592 561 555 645 598 604 632 622 609 625 572 578 613 474 582 588 621 592 606 572 619 652 607 628 648 562 468 635 582 667 530 630 593 477 556 567 585 574 565 513 611 714 582 550 667 662 540 683 579 648 573 600 614 622 608 560 526 576 514 594 645 581 712 596 538 534 664 615 569 625 566 468 617 598 517 707 663 565 562 645 707 593 592 602 619 603 649 574 669 555 535 709 528 585 620 560 550 631 625 490 608 602 614 520 673 647 488 725 541 548 630 636 675 575 668 542 546 560 576 611 524 565 659 617 644 631 607 608 509 642 576 690 605 622 551 522 516 712 547 495 620 613 563 701 724 584 552 533 566 522 651 497 546 548 556 538 613 841 626 650 578 627 668 579 607 733 684 628 497 646 686 598 422 642 652 640 578 555 494 561 562 518 600 528 678 694 629 572 589 640 656 560 481 501 641 529 609 502 584 678 528 610 743 659 605 632 636 639 549 554 704 585 667 629 547 491 494 695 686 656 566 584 564 600 583 623 629 621 528 591 543 557 552 678 629 613 519 590 636 632 616 668 613 592 623 567 632 591 590 730 529 589 634 692 598 501 684 609 693 617 564 473 621 669 541 554 552 482 636 579 589 526 602 810 669 595 503 576 649 541 591 567 611 565 563 505 535 599 678 639 582 653 699 705 456 622 629 625 622 578 586 668 701 555 540 689 582 571 593 609 585 658 641 467 561 577 549 564 593 655 701 629 604 655 584 706 543 584 573 517 641 540 598 585 657 700 495 650 630 567 614 653 664 554 526 483 493 686 569 687 566 771 514 609 545 551 653 650 537 579 592 650 544 577 608 634 587 583 573 584 625 693 614 531 636 604 622 682 556 509 665 593 524 597 596 514 601 
Summary
The average value of generated data: 599.321
The variance value of generated data: 3741.67(61.1692^2)


Waiter Service Time Generator
Generated values: 7673 2637 3226 5097 5542 1341 2230 4375 18 9799 4281 2659 3307 1659 1723 1987 11367 5161 4336 2334 898 6976 3337 11245 7323 4053 10115 7688 13774 3315 1635 1442 3117 5702 14963 4669 8324 1881 4680 2201 8771 963 2940 8079 4118 13825 755 3162 6229 6443 10672 10807 4999 1378 12674 2842 12479 8486 5134 9408 11458 2093 3982 1248 146 1010 22807 1108 3794 6792 1742 408 10226 12392 2257 2023 2455 18751 2240 5196 1629 688 1118 3640 1399 2750 10536 3875 4135 28962 1205 1692 3564 5650 1974 3640 7656 2418 3226 5059 2418 1841 8460 7544 10721 1510 38104 4169 14222 321 261 11151 2135 9969 6773 2210 9451 4883 1908 3597 22139 12093 6017 5322 1015 3298 12146 2065 2698 8558 2043 8385 2710 8804 4550 3961 6687 3764 2781 13405 1743 312 2920 5320 8825 3723 7747 12414 2680 448 4011 4444 3365 17812 11296 8316 5994 159 6823 4102 169 1655 12070 5965 7316 15872 699 8252 7493 8808 727 1242 3816 471 1319 4449 1552 596 7129 2741 8476 2321 4006 2301 1792 1429 8442 7082 972 4370 9341 5860 4494 14471 319 7684 8995 49 2370 6172 15931 926 7894 954 5806 9525 190 3622 4471 1505 6851 1771 463 8155 18911 1702 1188 6172 6135 3630 4543 748 4587 8540 7677 6577 7376 3746 5557 701 4314 9871 1365 23775 507 4941 5117 8061 171 16964 
Summary
The average value of generated data: 5624.87
The variance value of generated data: 2.68654e+07(5183.19^2)


Buffet Service Time Generator
Generated values: 6864 6751 6822 6393 6111 6081 5882 6263 5253 5717 6118 7141 6004 5535 6121 6324 5704 6660 5111 5840 6177 6402 7061 6062 5841 5425 6408 6083 7027 5308 6406 5939 7204 6658 5713 6725 6470 6430 6258 6070 6516 6436 5944 6153 5442 6779 6001 6914 6602 6745 5934 5707 6103 5969 5868 6479 6359 6772 5599 6572 6897 6601 6272 5910 6249 5776 5466 6372 6416 5328 7473 6252 6080 6630 5787 6207 6053 7028 5796 6286 6172 6177 5591 6528 5589 5702 6455 5659 5814 5692 6080 6978 5954 5838 5865 6653 5696 6488 6135 6407 6799 6356 6445 6510 6372 6352 6007 5986 6520 5967 6263 5973 6195 5853 6179 6375 5940 6697 5814 6651 6897 5883 6487 6407 5856 6053 6001 6104 6336 6952 6164 5826 6264 7042 5909 6464 5614 5837 5912 5940 5897 6793 6283 6350 6271 6372 6199 6175 6571 6150 5869 6453 5697 7489 6134 5937 6944 6723 5682 6742 6377 5749 6453 5194 5953 7069 5872 5913 5943 5506 5425 6293 5950 6844 6212 6398 7005 6314 6927 5793 6623 6204 6630 5954 6250 5844 6540 7428 6266 6044 6177 6037 6352 7171 
Summary
The average value of generated data: 6228.1
The variance value of generated data: 207031(455.006^2)


Cashier Service Time Generator
Generated values: 536 55 233 98 162 858 99 55 118 804 345 51 266 313 19 696 58 552 173 242 47 7 464 231 559 560 298 56 580 474 780 209 51 21 8 329 293 235 1003 31 231 34 26 44 377 89 81 272 97 304 118 47 214 120 92 29 677 163 192 139 336 42 413 431 403 177 290 397 134 193 51 452 186 552 16 195 69 78 58 234 69 19 51 577 202 2 1505 64 13 171 315 240 13 133 349 498 79 204 37 126 28 498 139 546 53 401 139 887 703 677 14 334 42 238 2 186 380 549 256 151 755 31 56 185 1028 501 20 157 187 186 65 497 520 24 439 235 279 321 286 355 850 15 131 534 2 273 84 12 620 386 139 27 196 155 312 512 43 119 26 164 69 192 899 353 385 390 249 51 96 1107 158 132 347 22 9 51 237 4 35 40 155 181 61 152 195 575 681 134 625 34 100 246 75 35 0 18 459 342 798 283 242 507 474 481 1 135 108 209 55 192 147 220 559 547 90 65 103 325 39 128 111 574 139 24 350 17 360 681 104 588 112 100 51 616 133 777 239 156 131 348 19 109 183 66 181 457 1048 552 477 120 191 25 83 352 147 109 171 177 132 50 116 112 60 32 481 231 99 19 687 471 46 349 188 11 312 60 250 89 384 133 2 192 92 739 538 196 135 84 250 300 56 341 52 19 129 175 429 223 238 146 69 122 67 70 202 260 482 168 358 326 233 141 363 206 206 347 547 30 64 284 304 323 57 32 313 214 107 757 186 254 826 901 7 406 93 189 38 31 454 466 51 543 151 338 425 112 651 41 97 289 376 5 305 22 791 255 572 525 331 84 8 3 172 245 72 273 833 331 792 8 106 1041 144 23 508 140 69 175 59 113 84 330 267 46 236 56 190 97 118 461 8 215 14 25 46 289 256 40 138 23 185 101 424 313 239 303 54 536 54 428 106 657 127 187 55 89 125 7 8 86 239 806 452 773 318 450 96 14 86 79 188 750 710 364 
Summary
The average value of generated data: 250.915
The variance value of generated data: 55767.1(236.151^2)

Persons in Group Generator
Number of Persons in Groups: 1 1 1 1 1 1 1 1 1 1 1 1 1 1 1 1 1 1 1 1 1 1 1 1 1 1 1 1 1 1 1 1 1 1 1 1 1 1 1 1 1 1 1 1 1 1 1 1 1 1 2 2 2 2 2 2 2 2 2 2 2 2 2 2 2 2 2 2 2 2 2 2 2 2 2 2 2 2 2 2 2 2 2 2 2 2 2 2 2 2 2 2 2 2 2 2 2 2 2 2 2 2 2 2 2 2 2 2 2 2 2 2 2 2 2 2 2 2 2 2 2 2 2 2 2 2 2 2 2 2 2 2 2 2 2 2 2 2 2 2 2 2 2 2 2 2 2 2 2 2 2 2 2 2 2 2 2 2 2 2 2 2 2 2 2 2 2 2 2 2 2 2 2 2 2 2 2 2 2 2 2 3 3 3 3 3 3 3 3 3 3 3 3 3 3 3 3 3 3 3 3 3 3 3 3 3 3 3 3 3 3 3 3 3 3 3 3 3 3 3 3 3 3 3 3 3 3 3 3 3 3 3 3 3 3 3 3 3 3 3 3 3 3 3 3 3 3 3 3 3 3 3 3 3 3 3 3 3 3 3 3 3 3 3 3 3 3 3 3 3 3 3 3 3 3 3 3 3 3 3 3 3 3 3 3 3 3 3 3 3 3 3 3 3 3 3 3 3 3 3 3 3 3 3 3 3 3 3 3 3 3 3 3 3 3 3 3 3 3 3 3 3 3 3 3 3 3 3 3 3 3 3 3 3 3 3 3 3 3 3 3 3 3 3 3 3 3 3 3 3 4 4 4 4 4 4 4 4 4 4 4 4 4 4 4 4 4 4 4 4 4 4 4 4 4 4 4 4 4 4 4 4 4 4 4 4 4 4 4 4 4 4 4 4 4 4 4 4 4 4 4 4 4 4 4 4 4 4 4 4 4 4 4 4 4 4 4 4 4 4 4 4 4 4 4 4 4 4 4 4 4 4 4 4 
Summary
1 persons group: 50 groups (11.5207 %)
2 persons group: 131 groups (30.1843 %)
3 persons group: 169 groups (38.9401 %)
4 persons group: 84 groups (19.3548 %)

Buffet Type Customer Group Generator 
Type of Customer Groups (1 - Buffet, 0 - Restaurant): 1 1 0 1 1 1 1 1 0 0 1 0 0 1 0 0 0 1 0 0 1 0 0 0 0 0 1 0 0 0 0 0 0 0 0 0 0 1 0 0 1 0 0 0 1 0 1 1 1 0 1 1 0 0 0 1 1 1 0 1 0 0 1 0 1 0 0 0 1 1 0 1 0 0 0 0 0 0 0 0 1 1 0 0 0 1 1 0 0 1 0 0 0 1 1 1 1 0 0 1 0 1 1 0 0 1 1 1 1 1 0 0 0 0 0 1 0 1 0 0 0 0 0 0 1 0 0 0 0 0 1 1 0 0 0 0 0 1 0 0 0 0 0 1 0 0 1 0 0 0 0 0 1 0 0 1 0 1 1 0 0 0 0 1 0 0 0 0 0 1 0 1 0 0 0 1 0 1 1 1 0 1 0 1 0 0 1 1 0 1 0 1 1 1 0 1 1 0 1 1 0 0 1 0 1 0 1 1 0 0 0 1 0 1 1 0 1 1 0 1 1 1 0 1 0 0 1 1 0 0 1 0 0 1 0 0 1 0 1 1 0 1 1 0 1 1 1 0 1 1 0 0 0 1 0 0 0 0 1 1 0 0 0 0 0 1 0 1 1 0 0 0 0 1 0 1 0 1 1 0 0 1 1 0 0 1 1 1 1 0 0 0 0 0 0 1 0 0 0 1 0 1 0 1 0 1 0 1 1 1 1 0 1 1 1 1 0 1 0 0 1 0 1 0 1 1 0 1 1 1 1 1 1 1 0 1 0 1 1 1 1 1 0 1 0 1 1 1 0 0 1 1 0 1 0 1 1 0 1 1 0 1 1 1 0 1 1 0 0 1 0 0 0 1 0 1 0 1 1 0 0 0 0 0 1 0 1 1 1 0 1 0 1 1 0 0 0 0 1 1 0 0 1 0 0 1 0 0 1 1 1 0 0 0 1 0 1 0 0 1 1 0 0 0 1 0 0 0 1 0 0 0 1 1 
Summary
194 Buffet Groups and 240 Restaurant Groups (44.7005 % Buffet Groups)