
Interval Arrival Time Generator
Generated values: 482 508 638 618 666 430 659 610 667 637 583 674 633 585 667 684 464 519 583 634 552 613 590 682 485 567 636 604 625 569 584 466 656 577 536 616 550 579 624 552 508 528 691 667 682 596 651 583 605 634 599 609 554 604 553 578 597 640 512 604 618 526 581 671 598 584 601 616 701 579 679 556 592 610 537 603 576 452 604 580 673 587 619 563 636 595 638 623 705 632 574 580 708 692 610 711 710 553 618 509 534 546 657 558 617 522 537 667 587 582 587 630 674 558 567 616 502 506 429 593 574 601 596 610 590 634 606 472 727 569 435 572 617 664 621 595 577 513 617 573 672 547 658 694 588 646 538 503 594 591 558 532 658 648 547 601 656 584 611 509 593 670 658 633 567 546 784 617 654 610 489 614 596 551 604 638 633 567 522 576 616 561 625 462 621 508 515 543 616 635 662 628 593 547 621 553 726 665 591 660 716 664 518 650 605 612 651 482 604 587 606 628 553 584 617 624 577 649 524 665 672 542 595 643 641 677 480 639 657 617 569 605 521 653 550 573 607 581 581 619 573 593 595 658 637 578 764 555 545 583 497 682 610 564 537 669 609 526 531 557 616 484 591 537 579 638 547 664 543 615 473 648 541 576 507 443 646 534 557 616 622 573 594 597 593 625 578 545 606 682 572 563 507 492 551 682 720 590 620 571 539 517 563 557 677 555 683 625 526 605 553 680 545 614 507 579 554 592 598 603 533 653 628 618 523 613 564 808 576 566 598 541 606 528 616 551 578 577 515 567 654 663 545 589 636 556 685 628 616 619 542 620 610 532 515 601 627 648 541 606 557 593 640 602 516 611 636 586 614 563 596 607 605 620 690 649 583 635 635 614 611 642 598 632 593 563 769 546 620 662 575 586 660 558 488 585 625 632 684 544 731 508 763 699 613 574 524 622 650 576 661 626 509 621 721 589 615 567 728 597 631 592 550 600 470 582 652 561 647 619 546 574 588 573 585 
Summary
The average value of generated data: 596.616
The variance value of generated data: 3464.98(58.8641^2)


Waiter Service Time Generator
Generated values: 4229 6823 350 2728 1698 2115 16422 2521 3477 8108 10117 6476 3594 7786 2747 2022 1586 1912 4005 16630 13062 8492 7545 6749 14764 7734 3723 5448 1185 258 1187 3724 589 297 1800 1187 871 5455 2513 497 1582 5484 15347 1521 12955 588 6601 2299 15329 8544 858 850 8701 686 6121 4125 339 4858 13990 2932 1109 10178 21633 20669 16890 4108 4397 1748 3970 7152 5992 2016 6771 1853 2491 4021 1726 25769 12041 20907 4202 6558 7396 1665 7442 142 2101 1409 1121 4140 26262 1160 12103 15752 2417 3817 511 7306 1706 1841 943 3553 2106 251 748 5809 7910 774 9515 3638 72 7213 3320 18506 17688 11382 2732 3282 4008 3570 10100 3352 1889 5863 2886 5003 4210 2170 8571 18818 402 2549 10241 23244 3757 2009 968 4619 4637 4708 5697 5083 19713 3573 2418 1488 660 517 3628 4166 3978 17508 3512 27185 513 365 2559 2181 4790 15617 6001 9014 7138 1219 5828 3995 2602 12682 17473 24116 3789 97 9808 2891 9088 1594 10549 1367 3287 16937 1329 6014 11218 749 2269 6941 18489 1561 7615 3348 450 810 8644 3345 6018 152 5904 5986 17743 4846 3406 488 8529 7117 6211 74 165 5205 12965 7538 307 11173 12701 8142 87 3043 9571 79 4171 657 9226 
Summary
The average value of generated data: 5957.27
The variance value of generated data: 3.38741e+07(5820.15^2)


Buffet Service Time Generator
Generated values: 6432 5771 5835 5855 6280 7408 6167 5637 6115 6613 6386 7131 6149 5558 6116 7262 5751 6737 6014 5619 6125 6557 6260 6369 6532 5217 6946 6444 6874 5122 6886 6130 6160 7015 6572 6869 6272 5585 6521 6599 6131 5541 6048 6848 5915 6020 5946 6303 6851 6665 6427 5984 5296 6530 6258 7575 5475 6201 6247 6363 6483 6131 6611 6626 5919 5920 5046 6331 6181 6386 6352 6238 6817 6363 5276 7085 6570 6511 7153 6910 6709 6399 5082 5636 5938 6956 6648 5146 5795 6235 5734 6491 6757 6102 6011 6132 5776 6652 5502 6388 5839 5736 5865 6388 6714 5184 6457 6022 5651 6368 6102 5161 7036 6512 5901 5877 6796 6508 6230 5576 5957 6312 6381 5503 6356 6694 5910 6507 5820 6492 6447 5726 6639 6421 5671 6579 5595 6294 6163 6280 6838 6278 6128 5996 6314 7219 6119 5560 6237 5076 6545 5164 7699 6284 6333 5224 6394 6370 5550 6928 5566 6451 5168 6462 6929 7190 6968 6007 6229 6314 5973 6433 6001 6411 5742 5405 6418 6536 7028 5895 6198 6889 5600 5355 5331 6149 5964 5324 6603 5428 6553 6218 6533 6687 6178 6185 7138 6103 5992 6270 6250 6669 6918 5991 5913 5106 5576 5874 6121 6865 5752 6147 5405 5724 5907 
Summary
The average value of generated data: 6202.24
The variance value of generated data: 277098(526.401^2)


Cashier Service Time Generator
Generated values: 24 14 374 191 202 248 929 685 96 694 48 231 670 511 0 506 344 30 304 915 207 145 111 34 547 118 483 775 171 32 64 6 38 81 36 346 155 588 250 598 195 25 71 170 712 5 281 497 434 63 185 241 709 632 237 135 276 1411 210 227 24 31 291 23 133 72 53 17 34 135 161 74 100 174 47 83 134 390 7 101 251 106 166 146 44 220 360 37 13 445 429 557 287 139 346 6 68 65 662 243 270 329 25 269 201 168 375 146 71 128 53 273 65 625 54 41 252 193 135 21 448 7 14 156 13 132 434 66 246 308 768 84 21 31 477 360 38 491 120 70 173 162 247 1109 238 59 251 297 114 330 38 59 250 408 433 13 145 599 262 307 348 25 225 49 718 0 318 97 53 117 325 219 45 75 35 163 443 152 177 283 96 27 1 66 57 178 73 89 95 321 56 445 10 179 167 417 80 10 818 55 114 338 613 172 254 98 165 213 299 369 72 321 73 236 108 33 178 1168 75 349 229 110 19 46 10 108 416 69 303 25 23 709 464 178 54 201 224 77 705 0 264 63 16 99 384 10 393 214 183 258 31 262 65 124 276 123 153 272 58 268 198 246 50 43 3 108 64 328 436 480 253 593 792 452 39 135 132 170 292 122 121 359 276 559 82 77 15 107 104 482 151 8 61 231 410 546 433 120 365 43 293 122 307 1172 345 249 52 109 174 72 100 457 256 320 79 689 196 24 315 42 11 336 273 53 183 140 43 186 595 70 176 2 129 16 0 312 405 190 134 144 76 38 1242 187 522 3 282 193 158 70 65 414 48 152 589 294 416 393 158 78 37 272 525 25 922 476 52 132 463 18 136 6 56 294 407 16 91 836 531 176 183 42 106 326 277 81 3 35 128 489 94 51 311 169 290 473 50 120 4 230 50 122 27 91 180 191 732 524 442 337 305 180 606 160 549 89 611 8 444 414 55 429 169 25 21 677 222 796 311 104 457 523 553 15 143 115 
Summary
The average value of generated data: 233.369
The variance value of generated data: 50529.8(224.788^2)

Persons in Group Generator
Number of Persons in Groups: 1 1 1 1 1 1 1 1 1 1 1 1 1 1 1 1 1 1 1 1 1 1 1 1 1 1 1 1 1 1 1 1 1 1 1 1 1 1 1 1 1 1 1 1 1 1 2 2 2 2 2 2 2 2 2 2 2 2 2 2 2 2 2 2 2 2 2 2 2 2 2 2 2 2 2 2 2 2 2 2 2 2 2 2 2 2 2 2 2 2 2 2 2 2 2 2 2 2 2 2 2 2 2 2 2 2 2 2 2 2 2 2 2 2 2 2 2 2 2 2 2 2 2 2 2 2 2 2 2 2 2 2 2 2 2 2 2 2 2 2 2 2 2 2 2 2 2 2 2 2 2 2 2 2 2 2 2 2 2 2 2 2 2 2 2 2 2 2 2 2 2 2 2 2 2 2 2 2 2 2 2 2 2 2 2 2 2 2 2 2 2 2 2 2 3 3 3 3 3 3 3 3 3 3 3 3 3 3 3 3 3 3 3 3 3 3 3 3 3 3 3 3 3 3 3 3 3 3 3 3 3 3 3 3 3 3 3 3 3 3 3 3 3 3 3 3 3 3 3 3 3 3 3 3 3 3 3 3 3 3 3 3 3 3 3 3 3 3 3 3 3 3 3 3 3 3 3 3 3 3 3 3 3 3 3 3 3 3 3 3 3 3 3 3 3 3 3 3 3 3 3 3 3 3 3 3 3 3 3 3 3 3 3 3 3 3 3 3 3 3 3 3 3 3 3 3 4 4 4 4 4 4 4 4 4 4 4 4 4 4 4 4 4 4 4 4 4 4 4 4 4 4 4 4 4 4 4 4 4 4 4 4 4 4 4 4 4 4 4 4 4 4 4 4 4 4 4 4 4 4 4 4 4 4 4 4 4 4 4 4 4 4 4 4 4 4 4 4 4 4 4 4 4 4 4 4 4 4 4 4 4 4 4 4 4 4 4 4 4 4 4 4 4 4 4 4 4 4 4 4 4 4 4 4 4 4 
Summary
1 persons group: 46 groups (10.5505 %)
2 persons group: 148 groups (33.945 %)
3 persons group: 132 groups (30.2752 %)
4 persons group: 110 groups (25.2294 %)

Buffet Type Customer Group Generator 
Type of Customer Groups (1 - Buffet, 0 - Restaurant): 1 0 1 0 1 1 0 0 1 0 1 0 1 1 0 0 0 0 1 0 0 1 1 0 1 0 0 1 0 1 0 1 1 0 1 0 1 1 0 0 0 1 0 0 0 0 1 1 1 0 0 1 1 1 1 0 1 1 1 1 1 1 1 1 1 0 1 0 1 1 1 1 0 1 1 0 1 1 1 0 1 1 0 0 0 1 0 0 0 0 1 0 1 1 1 0 0 0 0 0 0 0 1 0 1 1 0 1 1 1 0 1 1 0 1 1 0 0 0 1 0 0 0 1 1 1 0 0 0 0 1 0 0 0 0 1 1 1 0 1 0 0 1 1 0 0 0 0 0 1 0 0 0 0 0 0 0 0 1 1 1 1 1 0 1 1 0 0 0 1 1 1 1 0 1 1 0 0 0 1 0 0 1 0 1 0 0 1 1 1 1 1 1 0 0 0 0 0 0 1 1 0 0 1 1 1 0 1 0 1 1 0 0 0 0 0 0 0 1 0 0 1 0 1 1 1 0 1 0 1 0 1 0 1 0 1 0 0 0 1 0 0 1 1 0 0 0 1 1 1 1 0 0 0 0 0 1 1 0 1 1 0 1 1 0 1 1 0 1 1 1 1 0 1 1 1 0 0 1 1 1 1 1 0 1 1 0 0 1 1 1 0 0 1 0 1 0 1 0 1 0 0 1 0 1 1 0 0 0 0 0 1 0 1 1 0 1 1 0 0 1 0 1 0 1 1 1 1 0 1 0 1 0 0 0 1 0 1 0 0 1 1 0 0 1 0 1 0 0 1 1 1 0 0 1 0 1 1 0 1 0 1 1 0 1 0 1 0 0 0 0 0 1 1 1 0 1 0 1 1 1 1 0 0 1 0 0 1 0 1 1 0 1 0 0 1 0 0 1 1 0 0 0 0 1 1 1 1 1 0 0 0 0 0 1 1 0 0 1 1 1 0 0 0 0 1 0 0 0 0 1 1 1 1 0 0 0 
Summary
215 Buffet Groups and 222 Restaurant Groups (49.1991 % Buffet Groups)