39
Waiting Time
(seconds)
0
415
803
1197
116
432
0
0
0
274
668
487
198
0
159
0
52
0
0
0
0
0
397
244
173
0
0
336
511
91
0
0
306
712
381
499
99
0
0
452
5
0
552
975
692
511
0
336
0
423
725
0
354
236
0
344
0
434
128
0
0
547
899
651
608
468
0
381
77
0
0
0
373
188
0
0
0
0
0
0
438
972
1409
1222
1662
2097
1608
1418
913
329
0
0
0
2701
0
426
468
712
1193
0
2296
0
2204
3772
3491
36
6469
1503
1408
5165
160
3865
3927
4328
533
6203
3306
5885
6249
1197
325
585
331
553
3426
0
0
502
612
385
0
334
301
0
0
0
380
78
0
0
0
5057
0
189
0
2036
2674
616
2044
0
0
0
0
0
393
824
872
598
0
0
0
427
183
0
27
0
0
0
0
0
409
448
0
449
0
0
0
438
806
326
0
463
818
0
208
0
35
0
1865
5304
1000
1500
5680
3067
589
6235
59
862
3549
0
357
310
3
2852
0
1654
1359
3139
0
2713
5747
1000
5046
4180
2948
1620
510
712
0
368
0
0
342
792
786
755
141
67
0
0
0
0
0
337
0
