95
Waiting Time
(seconds)
0
377
0
402
295
472
0
0
0
0
0
0
376
744
954
560
2965
1000
250
634
111
376
0
1697
0
0
0
399
795
0
429
87
261
0
0
2858
0
2277
2133
5623
106
0
4040
0
2551
0
366
1487
215
1116
675
981
0
0
0
0
0
5683
0
0
3649
3332
461
126
1680
4015
72
458
0
289
0
67
0
3568
0
340
154
1325
1022
0
320
6
96
0
145
0
0
0
451
0
92
0
326
0
0
69
227
0
411
498
2189
0
0
862
279
646
97
0
0
290
142
0
303
0
0
72
0
0
502
891
0
382
66
0
172
0
0
0
413
751
0
0
0
0
0
393
245
582
107
0
0
0
332
638
0
371
800
17
460
0
0
389
767
0
0
0
315
0
0
0
0
0
0
243
0
0
0
545
391
791
0
432
154
0
414
1
147
0
404
0
134
0
0
0
0
0
332
0
81
0
0
0
530
308
25
0
0
0
334
0
418
0
377
162
224
0
0
0
285
0
476
814
1205
928
763
0
0
289
626
0
0
400
232
614
108
0
0
0
346
242
60
442
357
369
158
0
0
0
325
0
341
14
