68
Waiting Time
(seconds)
0
480
906
1223
1607
2105
0
0
0
0
278
0
63
0
0
0
392
0
0
0
346
832
875
554
826
484
0
0
403
0
0
499
815
339
621
1219
55
467
0
0
0
0
0
0
351
0
0
327
367
0
155
0
405
668
1131
480
0
266
0
0
0
0
128
0
0
426
47
116
0
0
0
0
336
183
0
0
0
112
0
0
0
7208
0
357
770
607
95
0
768
1084
1478
1734
2098
4959
0
341
0
0
0
4644
4113
0
419
181
424
4501
64
0
0
371
62
376
60
0
0
0
0
0
0
0
0
382
346
2940
0
1000
2318
2698
2531
9210
36
0
6564
5859
0
5165
0
0
0
222
0
0
0
0
420
852
734
0
444
325
3422
0
435
893
169
0
580
579
4897
0
349
4429
0
1000
578
502
362
0
0
0
457
500
0
0
341
158
179
0
0
0
0
475
911
484
0
368
165
0
315
0
0
0
0
0
0
196
0
0
0
493
312
0
429
804
1098
1680
176
0
0
0
0
0
0
1179
218
577
0
329
0
0
276
675
813
372
229
0
0
100
63
0
0
0
