90
Waiting Time
(seconds)
0
422
0
0
0
336
45
110
0
0
0
0
452
958
596
433
460
308
393
158
236
17
0
986
2868
213
412
429
0
0
441
0
0
0
366
0
0
325
708
1054
1377
656
621
0
0
371
0
0
0
0
0
0
0
453
180
509
0
367
337
0
0
0
55
0
0
413
692
311
342
0
0
0
0
472
728
213
0
372
421
0
0
406
846
218
0
0
0
0
411
359
234
193
62
0
0
201
0
0
260
0
0
0
313
730
981
493
0
355
783
89
463
135
0
426
247
332
12
0
0
0
184
0
0
2
0
0
0
0
0
0
0
341
518
184
1
0
0
0
349
0
186
0
0
471
352
0
348
0
0
379
0
0
0
0
0
0
0
14
0
0
0
0
353
210
0
0
0
433
786
0
422
0
0
0
336
315
183
3
322
0
183
0
0
0
0
318
739
346
602
0
0
0
0
0
0
384
896
323
369
104
0
0
0
0
495
0
312
0
2136
0
300
0
0
79
0
0
0
0
268
1166
1324
1263
376
126
0
0
1692
4008
396
0
378
0
