23
Waiting Time
(seconds)
0
308
0
485
880
261
161
33
0
0
0
375
41
0
409
747
590
943
704
514
0
1477
0
1232
791
0
0
408
178
179
0
0
0
0
0
247
662
1020
0
0
0
0
67
0
0
271
0
224
0
0
195
0
0
0
0
0
308
163
102
268
0
0
352
915
276
14
0
0
0
0
0
0
0
345
16
268
0
362
752
215
79
0
0
0
0
0
0
317
70
0
0
528
883
161
472
786
185
596
85
98
0
87
0
0
0
0
0
381
181
0
0
389
820
654
506
316
0
0
0
0
0
0
369
707
422
23
0
0
0
369
757
1037
464
51
0
0
388
867
1263
74
0
267
0
0
0
0
0
0
0
425
0
102
0
0
406
0
0
466
0
408
308
673
340
370
189
260
0
0
0
0
3067
0
3586
7512
8303
936
8841
0
183
1000
898
1273
851
593
0
0
366
141
0
0
0
0
0
0
0
0
0
402
767
331
0
96
0
0
436
0
0
407
0
377
0
0
0
388
0
394
250
