19
Waiting Time
(seconds)
0
0
452
854
745
0
0
381
723
1079
1511
63
0
0
171
0
364
327
780
0
0
69
0
3658
1000
0
351
11
69
0
0
0
0
0
0
0
0
506
0
362
104
0
393
0
0
0
185
0
0
0
0
0
0
0
0
0
333
23
0
0
446
0
0
472
856
1212
712
147
0
0
0
0
218
0
0
0
0
0
433
191
0
118
0
0
0
0
0
0
415
9
29
0
527
0
375
131
0
391
183
145
0
417
701
0
0
0
26
0
0
0
0
0
0
463
223
0
358
354
764
684
261
0
513
332
67
0
0
310
191
669
0
41
433
0
0
0
0
397
304
0
0
357
739
567
0
0
0
391
782
643
509
880
789
288
552
0
338
0
103
0
341
103
494
4
302
0
466
0
0
0
378
0
0
422
0
0
0
0
0
455
601
257
0
0
356
547
0
0
0
364
884
0
0
0
432
151
0
0
337
771
365
215
0
108
0
0
0
0
0
0
0
411
259
0
370
0
434
0
489
820
1255
1101
1582
787
47
40
0
270
11
52
0
0
