71
Waiting Time
(seconds)
0
0
411
135
460
272
584
62
0
377
36
0
0
0
0
0
499
5
290
0
109
0
0
0
0
0
311
106
460
744
583
0
0
199
0
0
0
418
209
11
320
0
0
0
185
0
0
0
0
0
0
0
85
0
0
286
154
487
90
0
400
164
0
424
0
228
0
30
0
0
0
383
677
268
303
3656
2645
0
293
1584
1108
168
0
0
0
0
0
309
0
104
1141
960
1335
249
635
1021
0
327
0
0
0
0
3668
0
458
352
1547
299
641
162
0
0
393
6802
0
0
0
0
453
0
4091
3330
10207
14844
444
14137
17420
0
273
15201
0
12169
0
0
8996
295
13211
14321
0
306
105
516
0
733
0
0
1000
686
543
0
0
0
0
0
453
456
32
0
0
0
386
0
180
5054
4408
0
322
74
183
0
408
785
923
586
49
0
24
0
0
0
0
0
0
0
0
398
0
0
0
0
0
0
0
0
299
0
0
0
0
0
0
371
112
454
0
0
0
0
415
758
868
563
3
0
0
0
231
0
0
0
455
251
298
0
0
0
366
628
0
0
307
0
20
0
0
16
0
0
403
807
