8
Waiting Time
(seconds)
0
376
758
1139
368
838
21
424
175
95
476
392
312
236
0
354
699
0
223
0
0
338
134
40
0
358
204
284
12
0
0
0
0
438
674
3822
0
0
305
1744
4475
304
1354
0
0
0
0
0
0
0
284
573
13
288
0
71
0
323
696
0
450
414
38
0
375
848
426
589
225
0
312
760
0
176
0
37
0
72
0
0
0
502
1018
671
0
0
0
404
228
678
3099
2757
2853
3260
0
1194
5687
377
0
3832
6424
2884
2160
0
864
1825
194
1591
787
1229
297
0
0
0
0
430
305
228
0
2292
801
0
299
525
119
234
0
310
53
0
418
819
574
36
0
0
0
348
477
0
0
0
363
175
0
0
0
0
0
468
73
67
0
10
0
1060
469
264
238
0
0
0
328
463
118
0
0
371
37
0
0
290
0
0
0
0
375
660
391
340
0
0
35
0
389
111
528
232
636
1023
922
826
308
179
35
0
416
795
393
0
0
290
782
918
556
722
0
0
391
712
395
0
258
0
0
376
0
0
312
738
1186
103
0
389
288
165
19
0
0
0
0
381
713
0
0
246
0
417
857
1314
256
570
113
0
321
186
86
0
0
361
42
0
0
1182
1494
