31
Waiting Time
(seconds)
0
0
0
514
370
0
304
196
0
427
403
773
203
672
85
0
304
523
279
0
172
0
0
135
0
0
417
0
0
443
125
0
0
440
585
0
0
445
815
1116
53
345
0
0
0
0
468
0
0
0
0
0
185
0
467
893
146
0
108
0
0
0
0
0
0
360
854
87
514
310
353
0
0
414
886
654
684
267
0
339
0
149
0
3298
0
103
0
389
603
0
254
0
468
470
240
393
0
0
0
441
232
0
400
164
0
0
0
453
759
209
0
0
0
0
0
0
162
0
0
0
0
308
0
0
0
0
0
413
0
0
0
440
0
472
0
6768
0
0
303
753
1199
621
0
364
0
606
414
508
266
282
0
0
444
296
750
692
520
2090
1034
627
331
0
0
373
283
589
951
4432
168
5831
89
0
122
0
118
0
0
409
239
1626
0
79
477
0
0
0
0
0
0
303
0
79
0
0
292
0
0
0
0
0
0
0
0
0
0
352
716
519
714
0
0
215
0
0
443
364
706
0
0
0
0
0
0
310
0
0
0
0
0
345
608
3532
0
359
0
352
125
23
