76
Waiting Time
(seconds)
0
0
387
838
783
0
0
0
0
392
165
0
411
818
539
677
273
0
226
0
76
0
383
0
490
0
0
0
0
447
904
4838
6217
1562
164
2873
0
822
463
0
0
0
0
0
0
431
271
0
0
4514
4810
0
227
0
50
47
0
0
0
411
0
0
0
447
277
85
465
0
0
0
0
227
0
0
382
147
0
370
0
420
56
0
282
692
1022
1393
1900
1241
209
0
0
0
461
876
1273
1226
962
811
204
201
103
0
0
0
0
1249
3673
978
400
856
213
917
1621
0
4076
74
4806
0
0
3344
293
1074
0
465
0
0
413
83
0
0
0
435
215
311
17
0
352
261
38
0
0
0
0
0
0
55
0
0
365
223
29
0
380
0
0
0
412
0
85
520
101
409
0
0
411
171
187
27
119
0
0
0
0
49
0
0
0
0
0
343
65
0
0
0
393
241
0
0
0
337
4994
4517
0
430
11
111
5452
0
533
4534
256
412
0
375
0
192
0
0
447
0
0
446
855
836
525
0
385
110
269
0
0
0
0
0
0
368
729
0
0
0
0
439
0
410
91
111
0
0
