17
Waiting Time
(seconds)
0
0
0
341
64
0
0
333
649
1185
1083
970
0
0
433
193
0
0
0
0
376
45
0
0
0
0
0
366
0
0
0
0
0
0
0
381
818
387
0
126
0
0
0
289
579
1026
929
793
365
0
0
0
0
0
498
678
0
82
0
0
394
98
195
0
0
0
0
0
0
276
0
412
540
228
499
0
0
0
648
3658
3523
3922
4266
11201
784
748
156
0
0
367
5160
0
1262
105
3162
6192
0
453
711
4358
432
0
0
1336
0
0
0
372
87
235
0
0
0
0
335
3
0
0
0
0
0
0
393
697
0
0
0
363
785
0
318
680
144
9
0
0
0
0
0
0
354
0
0
422
0
437
438
205
0
0
461
381
0
317
450
166
131
0
0
0
402
229
0
0
0
0
192
0
0
0
485
0
226
0
0
372
0
390
152
0
0
0
0
0
414
294
237
135
0
0
0
402
177
422
0
0
0
3
0
375
0
251
0
0
0
424
763
211
628
0
385
0
246
0
96
0
0
0
0
0
