17
Waiting Time
(seconds)
0
0
0
341
64
0
0
333
257
185
0
0
0
0
433
193
0
0
0
0
376
660
0
0
0
0
0
366
0
0
0
0
0
0
0
381
818
587
76
326
0
0
0
289
579
297
408
170
163
0
0
0
0
0
498
803
0
207
0
0
357
0
158
0
0
0
0
0
0
328
0
412
766
4436
725
1748
0
2658
6077
8576
8929
8428
11528
8292
7053
6373
788
8980
262
629
8040
7110
0
0
9118
20006
357
0
189
17093
0
3306
339
2385
1915
0
0
8563
4575
4326
12404
3750
15203
2868
13830
1945
13898
0
14729
0
17711
20408
124
543
343
235
17601
2072
23188
0
0
0
22963
306
2425
2054
1049
15905
222
155
509
6815
1000
1422
17
454
1030
9041
0
0
461
2921
6338
5625
6000
298
5701
126
0
77
1479
0
3126
1000
1628
0
370
0
0
0
485
3011
0
4722
1000
3397
0
2727
5931
804
657
2118
12082
753
14222
5727
6164
8985
4954
4231
2585
3103
4262
4172
7993
13268
3890
6719
6216
6021
13125
4000
3922
13887
10752
0
1985
3055
7380
7316
6287
3978
3566
3169
4022
757
