68
Waiting Time
(seconds)
0
480
906
1223
1607
2113
478
160
101
0
425
851
376
0
0
0
93
0
0
0
346
832
1742
554
395
484
0
0
2683
811
0
2538
0
378
6725
4723
0
467
916
211
0
0
0
0
351
0
0
327
655
0
386
0
95
0
0
0
0
473
140
0
0
0
353
737
394
820
1083
510
278
275
0
0
336
183
0
0
0
449
828
1170
1269
6208
340
461
110
195
4170
538
3760
4076
4470
5513
5721
4779
0
5733
2306
5021
7878
15880
14925
5581
7585
762
1083
15080
872
618
0
1332
579
10955
0
4577
12841
5257
625
7992
895
9057
1772
12376
10690
12114
519
20042
22788
23926
17543
23184
0
0
23451
24210
2503
25298
6422
9572
4909
8729
1193
324
0
6862
1413
2845
5959
10056
9926
2130
20828
1282
1326
1175
25
26419
26172
420
27376
651
1657
27908
272
0
0
460
5090
0
28756
784
790
29547
27510
0
341
659
179
481
748
6773
8597
10072
911
2866
2000
7954
13412
21160
18826
45
20580
4969
18855
4880
6093
15324
5770
10786
14116
15609
8035
14958
21965
5463
9003
9215
22304
7002
19974
20913
2913
2541
1062
6366
9459
0
9392
0
1768
