90
Waiting Time
(seconds)
0
422
0
0
0
336
758
239
587
0
82
0
452
958
596
862
460
737
393
587
236
446
778
3773
6576
0
342
1169
235
2831
149
1000
667
0
2385
438
0
0
0
0
0
0
491
159
0
371
0
0
0
601
859
309
0
0
0
0
0
367
453
0
0
0
470
174
0
413
920
618
582
186
5
0
0
128
0
0
0
325
0
0
0
406
846
626
482
255
410
0
411
844
985
678
127
0
0
391
0
0
181
0
0
0
68
0
0
0
0
355
783
89
463
135
0
426
897
499
662
469
0
0
155
0
0
327
224
165
0
0
0
0
0
341
817
686
1046
909
205
570
1000
0
1518
0
0
376
0
0
291
0
0
412
314
340
233
0
0
0
0
440
260
0
0
0
353
210
0
0
0
69
0
0
422
0
0
0
336
287
0
0
11
0
0
7262
6063
1000
176
7
0
0
0
0
378
760
788
0
0
384
5276
316
4152
104
333
0
0
652
1599
0
5181
5572
7425
0
0
459
4162
5084
0
38
1000
321
44
0
8209
9765
8261
8613
0
8166
1000
3128
187
