39
Waiting Time
(seconds)
0
415
803
1334
318
569
0
0
0
274
11
25
357
2
209
0
102
0
0
0
0
0
397
145
0
0
0
191
0
0
0
0
306
712
1159
1499
1191
734
0
70
0
0
66
0
0
291
0
443
0
423
725
0
158
0
0
344
0
199
0
0
0
547
899
1181
1418
998
0
355
0
0
0
0
373
262
0
0
0
0
0
0
438
972
1409
1222
1662
2112
2317
1931
1455
344
423
0
5345
5117
0
426
292
3035
7410
907
5260
433
8816
8612
8331
0
15752
695
1741
14409
4229
12759
15953
14548
1924
13820
9335
12804
12574
11034
6621
8548
4123
5834
12155
5021
7176
8764
9277
2702
627
5666
5324
17331
701
605
1278
4727
14618
12333
6734
17994
8723
8184
7004
6849
17854
4999
17224
5006
0
4305
344
1607
0
7912
791
5392
6638
0
1146
1000
98
0
246
0
0
0
2110
0
4082
350
0
449
0
0
0
438
806
1183
267
730
1127
978
2991
3254
4122
6916
5276
9168
0
13
11261
13732
0
16547
10955
13348
17883
8943
8782
10622
11967
11612
5948
13661
14799
21196
12293
22646
22146
9389
12121
14365
16650
14326
13207
15929
9088
12199
15851
10823
10765
10009
11316
11791
8407
4372
637
