95
Waiting Time
(seconds)
0
377
0
402
295
599
277
676
1099
767
957
0
39
0
0
0
5715
0
0
1463
1204
1205
274
6781
0
0
798
626
593
0
4133
0
3250
0
0
7962
484
7794
13688
14880
0
8
16227
0
14433
645
6506
6889
0
9757
11168
11273
0
457
9774
0
11679
20637
808
632
18293
21931
0
330
19624
26477
1000
1176
1633
289
579
5345
21420
24293
0
5242
5056
0
844
298
4590
0
23432
4349
391
6939
494
0
1900
4666
0
6994
14952
18004
17423
16630
12284
12653
23580
472
24686
98
0
23359
24288
11688
31487
0
11078
10536
282
9613
23579
178
26562
341
25619
0
502
25319
23729
5856
26996
0
25540
363
5093
4865
2278
4664
5822
4448
19918
4143
3300
17574
17336
1000
16156
0
14980
631
135
269
13674
0
429
12691
0
910
143
442
7494
0
0
829
551
167
11502
0
0
0
0
5131
0
1382
1235
2780
4393
5033
79
12802
1267
439
623
6853
10229
11680
8394
3656
7765
8905
0
0
4925
12078
5007
7269
9163
121
8415
854
6937
0
154
0
19618
402
7506
4533
10118
11881
482
1244
1607
5053
11797
715
71
407
35
12854
0
0
0
357
0
289
759
3204
2658
5155
606
645
3063
3440
0
8160
2742
166
0
382
0
4756
5180
4930
5003
