23
Waiting Time
(seconds)
0
308
0
485
882
440
634
214
243
0
0
375
41
0
409
747
75
0
0
0
0
5506
0
3442
0
4896
0
408
43
445
332
0
0
0
0
247
662
1020
0
0
0
0
174
0
0
356
818
1309
1610
0
62
0
0
0
0
0
308
163
331
805
964
0
352
915
653
14
0
0
0
0
0
0
0
264
16
187
0
76
0
0
379
1144
0
201
0
0
0
317
2341
2909
305
313
668
0
311
663
289
473
189
277
0
0
0
0
0
572
123
0
0
0
0
389
820
654
1028
600
476
282
0
0
0
0
369
893
1118
209
0
0
0
369
757
1111
741
125
0
0
388
867
936
74
0
370
695
0
0
0
0
0
0
294
0
0
0
0
445
153
0
466
0
408
308
673
1001
641
139
260
0
0
0
0
341
725
4315
8329
11175
0
10228
0
100
387
232
487
0
0
0
5390
5756
0
233
0
135
4940
2732
5212
1541
949
1598
0
247
18
0
0
0
0
436
4018
0
407
866
377
0
0
0
55
0
394
209
