31
Waiting Time
(seconds)
0
0
0
514
676
0
304
196
0
427
403
773
396
672
278
0
0
0
0
0
179
0
0
366
945
0
417
0
0
443
843
554
233
0
116
0
0
26
0
0
0
367
192
165
1
0
468
0
0
0
0
0
502
0
467
893
146
0
347
331
166
0
0
0
0
360
854
87
514
310
685
0
0
182
0
86
3114
0
2979
270
0
5049
5260
10463
29
0
0
5015
0
3327
3016
3724
272
0
0
0
0
0
0
441
232
0
400
821
708
138
547
7402
1186
794
267
9754
11156
940
3716
537
1984
467
3168
1000
191
1379
0
2122
4711
0
5925
2482
5237
1000
475
6679
6873
7345
2856
20229
2780
4132
582
225
2614
0
53
11730
0
12664
93
508
5894
7231
13359
0
444
7899
17701
7788
9074
8457
9605
10931
14389
15027
15390
12348
12207
12513
12875
19577
10296
21955
14709
14493
14786
13216
12774
10683
8935
17219
18383
23063
3211
11396
11460
13579
1169
13549
13321
1000
16384
19023
19760
21452
22908
0
567
926
2195
12531
5121
6113
27422
27098
3414
5537
881
3890
2723
2937
6505
11255
24317
10795
0
3485
8824
8853
16352
18030
19257
19649
6183
20088
8564
12641
11452
9391
8283
9267
8680
