19
Waiting Time
(seconds)
0
0
452
854
745
0
0
381
723
1079
1511
497
0
0
456
144
508
471
924
107
0
357
62
3302
644
0
351
385
69
187
0
106
0
0
0
0
0
406
0
362
104
0
311
0
0
0
475
533
278
331
137
142
0
0
0
0
156
0
0
0
200
0
0
190
0
0
0
0
302
148
171
0
0
0
370
247
306
0
433
258
0
324
204
20
0
0
0
0
2959
0
326
1473
390
0
375
775
0
391
183
667
0
417
3
0
0
0
457
844
772
230
61
0
0
122
0
0
358
354
764
684
293
0
513
332
104
397
0
310
191
669
0
41
433
0
0
0
0
347
0
0
0
357
248
0
0
0
0
391
782
643
509
414
0
0
0
0
338
0
17
0
341
103
494
861
408
0
466
860
0
0
378
0
0
422
0
0
0
0
0
48
0
0
0
0
356
641
432
162
0
364
884
0
0
0
432
151
0
0
337
771
380
215
0
108
0
0
0
367
578
63
0
163
0
0
144
0
442
0
489
423
255
0
0
0
0
44
0
270
442
52
213
0
