76
Waiting Time
(seconds)
0
0
387
838
875
0
0
0
0
175
0
0
93
0
0
374
734
0
238
0
88
0
383
0
193
0
0
0
0
447
904
11863
12018
7029
0
10284
0
2033
0
449
0
184
3994
3690
77
3360
0
0
4350
4070
13763
2804
3633
6030
144
5077
0
0
7409
146
6370
11267
1496
4265
9236
2903
3303
9837
10988
3892
3000
6877
4711
4303
4685
7836
5394
3764
1000
3234
265
0
0
2221
0
96
0
0
0
1007
0
0
216
0
28
7231
6493
0
0
3247
2685
5025
1764
2195
1919
7429
10951
92
260
738
7469
6895
6572
8849
9693
7172
9439
0
655
8146
0
10400
0
465
0
0
1413
945
0
651
0
248
0
0
0
0
352
741
1038
1366
1746
531
294
656
0
307
758
0
98
0
0
0
380
0
0
0
412
0
85
520
943
1296
50
0
123
0
0
0
0
0
416
805
388
854
1086
646
2915
0
2861
204
657
316
0
0
35
0
0
0
0
337
8772
9903
0
543
1011
1448
11254
1199
2145
11692
3
1000
0
0
0
3613
848
1920
1630
2828
2554
0
5161
3620
3994
4453
7857
1874
11490
13855
0
13748
805
14152
239
607
1749
10659
238
502
0
0
524
14
0
