71
Waiting Time
(seconds)
0
0
411
135
460
272
647
875
0
0
0
367
0
329
0
0
172
0
0
586
926
479
655
123
303
0
0
0
354
532
0
0
0
368
188
0
0
418
209
11
5184
0
0
3312
0
686
731
116
0
0
0
0
415
419
0
286
154
471
0
0
400
1658
964
793
4538
0
466
802
1187
5101
959
2450
3516
4442
4869
9821
12526
3171
0
407
279
0
0
0
0
886
5474
8229
9353
9510
9173
0
9951
586
9251
13526
0
327
13198
0
593
11794
14048
10607
11009
10732
14528
12545
0
12456
0
10435
118
21610
9761
46
11966
745
298
0
25508
24115
23602
34702
0
37215
45190
609
732
44663
0
44207
0
0
39788
0
55400
55800
0
532
331
390
94
0
0
0
0
395
42409
0
451
426
722
0
985
4845
9442
15215
0
19790
1000
1873
4345
29650
40426
15861
1761
13524
13832
532
546
923
4987
13728
20617
4444
19679
24575
24249
24772
7981
22547
21212
2000
18129
1283
16213
122
1331
12792
0
246
525
906
370
858
705
1368
602
0
503
874
615
890
325
57
2779
0
3132
242
58
5463
1000
0
0
0
431
3460
178
0
411
207
0
0
175
0
239
0
0
0
307
0
396
774
536
1027
1024
1193
1276
230
