71
Waiting Time
(seconds)
0
0
411
135
460
272
580
62
0
377
165
381
52
282
0
0
499
106
98
0
0
0
0
0
0
0
311
106
460
744
267
0
0
160
0
0
0
418
209
11
311
0
0
0
532
187
315
0
118
0
0
0
271
0
0
286
154
360
0
0
95
0
0
424
0
462
60
68
0
0
0
383
785
489
145
0
1912
0
54
461
375
0
134
0
0
0
0
472
1
267
0
0
375
277
206
61
72
0
0
275
84
0
425
258
215
0
0
0
0
0
0
0
393
785
634
0
0
0
453
0
0
0
0
6029
0
7718
9181
0
1332
7435
290
6286
0
1000
2867
1373
5586
5986
0
306
105
42
282
0
0
0
0
395
763
488
939
792
168
0
453
804
468
119
0
0
400
620
194
0
0
0
322
0
410
0
408
785
879
586
656
0
0
0
0
0
0
0
0
0
0
8
0
0
0
0
0
0
0
0
299
0
0
0
0
0
0
371
112
293
0
0
0
0
415
758
340
563
0
0
0
0
431
744
726
0
455
207
0
0
193
0
366
99
0
0
307
0
315
0
0
187
0
0
403
807
