90
Waiting Time
(seconds)
0
422
0
0
0
203
0
0
0
0
0
0
452
958
596
218
460
93
149
0
0
0
0
0
1427
0
342
0
0
0
175
0
0
0
366
0
0
325
708
1054
1377
335
621
0
0
371
0
0
0
0
0
0
0
453
180
336
0
367
15
0
0
0
470
834
620
1033
1345
931
434
304
0
0
0
472
183
213
0
372
37
0
0
406
817
0
0
0
0
0
411
56
234
0
62
0
0
265
0
0
428
864
0
0
313
730
907
318
0
355
783
89
463
135
0
368
0
274
0
0
0
0
222
0
0
327
295
239
201
93
22
0
0
341
148
184
0
0
0
0
212
0
98
0
0
399
0
0
348
0
0
208
0
0
0
0
0
0
0
440
528
0
0
0
353
210
0
0
0
433
786
0
422
0
0
0
336
315
183
3
332
801
1193
691
0
0
0
318
739
242
602
0
0
0
0
0
0
298
0
230
0
18
0
0
0
0
495
238
393
126
1517
0
0
459
230
5468
0
0
0
0
268
117
0
0
0
352
597
373
1145
1604
0
0
402
0
