31
Waiting Time
(seconds)
0
0
0
514
218
0
304
196
0
427
403
736
144
635
26
0
304
790
343
0
271
0
0
366
945
0
389
0
0
443
843
554
265
705
1016
0
0
445
815
1031
0
260
0
0
0
0
270
0
0
0
0
0
6
0
467
298
0
0
347
802
795
714
0
0
0
360
854
87
124
0
375
0
0
84
0
0
0
0
0
386
515
196
0
1937
0
323
125
514
903
218
348
0
468
804
1240
862
75
0
0
441
232
0
68
0
0
385
207
2286
0
0
341
1258
1001
4
0
0
318
0
0
0
0
362
0
34
0
0
0
448
312
286
0
0
0
155
0
4768
0
0
45
495
0
0
0
218
0
606
1093
1027
945
801
622
0
444
296
445
185
108
0
0
253
0
0
0
373
54
0
0
0
429
1284
350
134
0
0
8
0
0
409
239
0
374
744
1142
923
332
570
0
0
0
513
72
289
2355
0
163
223
0
0
0
0
0
0
0
0
0
352
716
519
351
0
0
67
0
0
443
364
435
0
0
0
0
0
0
310
0
0
0
0
0
345
699
127
0
0
0
352
654
1135
