19
Waiting Time
(seconds)
0
0
452
854
745
0
0
381
723
1079
1511
679
43
0
137
0
364
327
114
0
0
357
88
0
0
0
351
688
232
490
51
409
0
0
0
0
0
506
0
362
104
0
393
0
0
0
475
962
860
760
719
636
230
0
0
0
322
0
0
0
293
0
0
472
856
1212
712
241
0
35
0
0
129
0
179
0
42
0
433
158
0
209
0
13
0
0
0
0
344
0
72
0
527
0
115
0
0
391
183
667
0
417
263
0
0
0
457
624
193
87
0
0
0
463
223
0
358
354
764
684
239
0
513
332
104
397
0
310
191
669
0
41
433
0
0
0
0
397
304
0
0
357
402
0
0
0
0
391
782
565
0
0
0
424
763
0
275
0
373
0
238
0
0
0
0
0
62
0
0
0
378
0
0
422
0
0
0
0
0
455
536
257
0
0
356
464
0
0
0
364
594
0
0
0
140
0
0
0
337
771
358
215
0
108
0
0
0
0
0
0
0
411
860
61
431
0
411
0
489
820
1255
1101
1582
514
47
0
0
258
0
40
0
0
