68
Waiting Time
(seconds)
0
480
906
1223
1607
1924
0
0
0
0
425
408
159
0
0
0
392
0
0
0
346
520
146
242
97
172
0
0
86
0
0
499
961
871
767
0
0
467
787
0
0
0
0
0
351
0
0
292
0
0
386
0
282
0
8
0
0
473
451
0
0
0
353
737
394
820
528
1
0
0
0
0
336
183
0
0
0
449
584
170
261
6208
0
0
0
0
0
19
0
316
710
0
286
0
0
391
153
0
51
374
314
546
149
0
282
0
71
0
0
169
0
314
623
928
1153
616
904
351
131
0
0
1686
0
4663
244
0
3
383
216
5876
109
0
3412
1928
81
1593
0
0
0
393
0
0
0
0
420
852
1242
0
177
0
0
427
862
629
0
0
0
420
4109
0
349
2641
0
39
0
0
0
0
0
0
457
322
0
0
341
706
179
528
0
0
0
475
911
283
0
368
176
1594
0
539
522
320
0
0
0
287
677
1051
414
219
0
0
429
804
841
340
0
12
0
0
0
0
0
0
0
359
0
329
0
0
276
177
0
0
0
0
0
85
46
0
0
0
