76
Waiting Time
(seconds)
0
0
387
838
736
0
0
0
0
392
125
0
411
818
454
0
188
0
374
40
224
0
234
0
490
0
0
0
0
447
201
2276
2291
0
0
0
0
451
855
757
490
0
0
0
0
431
180
0
363
3508
3907
0
374
244
0
41
0
0
0
411
0
0
0
447
277
85
485
878
89
0
0
424
142
0
382
115
0
370
0
420
163
0
282
692
1022
1393
1900
606
366
0
0
0
461
876
1273
244
0
364
82
0
0
0
0
0
0
0
1695
0
5
214
0
0
0
379
595
1000
1341
669
242
0
336
0
0
465
0
0
413
83
0
0
0
435
215
543
17
0
352
741
780
366
488
109
0
0
0
390
0
0
365
223
29
0
380
0
0
0
412
0
85
520
437
299
0
0
411
820
187
533
112
0
0
0
0
49
0
0
0
0
0
343
796
0
0
0
393
241
0
0
0
337
3553
2939
0
285
11
190
1674
0
0
3179
0
141
0
126
0
456
25
0
456
740
0
0
0
0
0
0
241
0
125
0
8
0
0
0
0
368
761
605
574
362
0
439
0
410
67
111
0
0
