39
Waiting Time
(seconds)
0
415
803
1028
116
263
0
0
0
274
668
201
357
0
0
0
0
0
0
0
0
0
397
244
32
0
0
37
0
0
0
0
306
712
1159
1179
593
0
0
452
94
0
552
975
692
378
0
170
0
423
299
0
354
236
0
344
0
434
128
0
0
547
582
181
291
0
0
381
833
0
0
0
373
151
0
0
0
0
0
0
438
972
1409
1222
1662
1734
1608
1112
691
0
0
0
0
1701
0
5
0
0
0
0
459
144
367
1281
1000
1317
2509
12
410
1205
724
516
348
0
192
1703
0
1385
2114
564
299
0
0
306
838
577
412
130
360
80
0
334
685
514
1062
0
380
48
0
0
0
279
145
0
0
435
124
66
146
0
0
0
0
0
393
824
810
598
0
0
0
238
0
0
407
662
133
0
0
0
336
0
0
449
0
0
0
438
161
183
0
463
284
0
0
0
0
0
1865
3716
1000
1500
1440
2246
589
2561
0
1764
929
0
357
38
65
0
336
679
390
2139
1000
246
1590
1000
804
625
631
282
0
0
0
376
178
0
286
0
224
0
0
432
0
0
0
0
0
337
0
