23
Waiting Time
(seconds)
0
308
0
485
789
180
0
0
0
0
0
375
41
0
409
216
0
0
0
0
0
0
403
0
0
0
0
408
639
179
0
0
0
0
0
247
662
1020
0
0
0
0
463
691
0
0
0
0
0
0
72
0
0
0
0
0
308
163
47
0
0
0
300
0
219
0
437
890
273
676
72
468
0
542
362
465
0
362
752
258
79
9
0
0
0
0
0
1
0
0
0
528
883
161
472
607
185
417
85
221
0
0
0
0
0
0
0
381
5
0
0
389
804
0
12
0
0
0
0
0
0
0
369
266
422
0
0
0
0
369
319
111
26
0
0
0
388
840
290
47
0
370
813
0
0
0
0
0
0
446
278
123
0
0
162
0
0
466
0
408
308
537
1
234
0
124
0
0
0
0
341
66
71
0
4363
0
2416
497
0
0
0
375
246
695
0
0
323
0
0
0
0
0
0
0
0
0
0
402
767
538
905
1126
0
0
436
0
0
407
0
154
0
0
0
388
0
334
0
