17
Waiting Time
(seconds)
0
0
0
341
49
0
0
333
649
1185
1083
741
0
0
433
193
0
0
0
0
376
715
0
0
0
0
0
366
0
0
0
0
0
0
0
381
818
223
0
0
0
0
0
289
579
1026
791
295
365
0
0
0
0
0
498
57
0
0
0
0
154
0
0
0
284
0
3
0
0
328
0
14
0
0
0
0
193
0
3
355
1257
2286
2630
7005
0
216
599
0
0
0
1418
0
354
0
0
4192
1000
1131
832
743
231
0
0
278
0
0
0
372
819
938
618
697
417
0
0
0
0
0
0
0
0
0
393
760
0
0
0
363
319
0
318
708
509
607
0
0
0
0
0
0
354
0
0
422
0
260
0
0
0
0
461
381
0
317
71
166
0
0
0
0
402
266
0
0
0
0
394
866
472
0
0
0
376
0
0
372
0
344
0
0
0
0
0
0
414
481
237
322
0
0
0
103
0
51
0
0
0
442
369
744
0
269
761
249
0
424
763
204
628
0
152
0
408
747
258
95
0
0
0
0
