95
Waiting Time
(seconds)
0
377
0
402
295
207
0
399
822
435
272
0
376
744
789
560
2361
396
0
463
752
205
0
403
810
0
0
399
795
0
429
809
878
630
0
2325
0
1323
1600
4623
0
423
2709
270
399
669
214
454
0
0
0
0
0
67
1286
266
1747
1837
0
0
0
0
0
242
0
0
406
864
488
695
152
473
0
0
432
772
586
1005
579
0
320
692
323
0
0
0
494
245
659
0
98
0
303
0
0
0
463
140
243
0
1826
0
430
292
0
76
0
0
0
290
755
101
0
0
0
436
808
669
1171
1560
114
170
0
0
334
0
0
0
413
553
0
317
212
0
0
393
245
111
0
0
0
0
332
638
0
371
800
17
460
0
0
389
684
0
0
0
401
888
0
0
0
0
0
227
0
0
0
545
391
791
0
432
89
0
175
0
0
0
404
0
399
0
0
0
0
0
39
0
0
0
0
0
267
0
37
0
0
0
334
0
418
0
377
135
224
0
0
0
285
0
476
814
1205
928
763
0
0
289
759
403
0
2168
0
891
170
0
0
0
346
242
60
442
357
287
251
77
74
0
42
0
99
0
